frame,zone1_ratio,zone2_ratio,zone3_ratio,zone4_ratio,zone5_ratio
1,0.8603889,0.13961111,0.0,0.0,0.0
2,0.85116667,0.14688888,0.0019444445,0.0,0.0
3,0.8506111,0.144,0.005388889,0.0,0.0
4,0.8505,0.14266667,0.0068333335,0.0,0.0
5,0.8505,0.14216666,0.007333333,0.0,0.0
6,0.8505,0.14183334,0.0076666665,0.0,0.0
7,0.8505,0.14127778,0.008222222,0.0,0.0
8,0.8505,0.14072222,0.008777778,0.0,0.0
9,0.8505,0.14005555,0.009444444,0.0,0.0
10,0.85044444,0.1395,0.010055556,0.0,0.0
11,0.85044444,0.139,0.010555555,0.0,0.0
12,0.85044444,0.13877778,0.010777778,0.0,0.0
13,0.85044444,0.13844444,0.011111111,0.0,0.0
14,0.85044444,0.13838889,0.011166667,0.0,0.0
15,0.8503889,0.13827778,0.011333333,0.0,0.0
16,0.85033333,0.13827778,0.011388889,0.0,0.0
17,0.85033333,0.13811111,0.011555555,0.0,0.0
18,0.8501667,0.13822222,0.011611111,0.0,0.0
19,0.8501667,0.13811111,0.011722222,0.0,0.0
20,0.8501667,0.1378889,0.011944445,0.0,0.0
21,0.8501111,0.1378889,0.012,0.0,0.0
22,0.8501111,0.13777778,0.012111112,0.0,0.0
23,0.8501111,0.13766667,0.012222222,0.0,0.0
24,0.8500556,0.13772222,0.012222222,0.0,0.0
25,0.85,0.13755555,0.012444444,0.0,0.0
26,0.85,0.1375,0.0125,0.0,0.0
27,0.85,0.13727778,0.012722222,0.0,0.0
28,0.84977776,0.13733333,0.012888889,0.0,0.0
29,0.8497222,0.13733333,0.012944444,0.0,0.0
30,0.8497222,0.13722222,0.0130555555,0.0,0.0
31,0.8496111,0.13733333,0.0130555555,0.0,0.0
32,0.84955555,0.13727778,0.013166667,0.0,0.0
33,0.84955555,0.13722222,0.013222222,0.0,0.0
34,0.8495,0.13705556,0.013444444,0.0,0.0
35,0.8495,0.13694444,0.013555556,0.0,0.0
36,0.8495,0.13694444,0.013555556,0.0,0.0
37,0.8495,0.13688889,0.013611111,0.0,0.0
38,0.84944445,0.13694444,0.013611111,0.0,0.0
39,0.84944445,0.13688889,0.013666667,0.0,0.0
40,0.8493889,0.13683334,0.013777778,0.0,0.0
41,0.84933335,0.13677777,0.013888889,0.0,0.0
42,0.8492778,0.13677777,0.013944444,0.0,0.0
43,0.84922224,0.13672222,0.014055556,0.0,0.0
44,0.84911114,0.13683334,0.014055556,0.0,0.0
45,0.8490555,0.13688889,0.014055556,0.0,0.0
46,0.8490555,0.13688889,0.014055556,0.0,0.0
47,0.8490555,0.13688889,0.014055556,0.0,0.0
48,0.849,0.13694444,0.014055556,0.0,0.0
49,0.849,0.13694444,0.014055556,0.0,0.0
50,0.8488333,0.137,0.014166667,0.0,0.0
51,0.8487778,0.137,0.014222222,0.0,0.0
52,0.84866667,0.137,0.014333333,0.0,0.0
53,0.8486111,0.13705556,0.014333333,0.0,0.0
54,0.8486111,0.13694444,0.014444444,0.0,0.0
55,0.84844446,0.13694444,0.014611111,0.0,0.0
56,0.84844446,0.13688889,0.014666666,0.0,0.0
57,0.8483889,0.13694444,0.014666666,0.0,0.0
58,0.8482778,0.13694444,0.014777778,0.0,0.0
59,0.8482778,0.13694444,0.014777778,0.0,0.0
60,0.84805554,0.13716666,0.014777778,0.0,0.0
61,0.84805554,0.13711111,0.014833333,0.0,0.0
62,0.848,0.13716666,0.014833333,0.0,0.0
63,0.848,0.13711111,0.014888889,0.0,0.0
64,0.84794444,0.13716666,0.014888889,0.0,0.0
65,0.84783334,0.13722222,0.014944444,0.0,0.0
66,0.84772223,0.13733333,0.014944444,0.0,0.0
67,0.8476667,0.13738889,0.014944444,0.0,0.0
68,0.8476667,0.13722222,0.015111111,0.0,0.0
69,0.8475556,0.13733333,0.015111111,0.0,0.0
70,0.84738886,0.1375,0.015111111,0.0,0.0
71,0.8472222,0.13766667,0.015111111,0.0,0.0
72,0.84716666,0.13744445,0.015388889,0.0,0.0
73,0.84716666,0.13744445,0.015388889,0.0,0.0
74,0.84705555,0.13755555,0.015388889,0.0,0.0
75,0.8153889,0.16838889,0.016222222,0.0,0.0
76,0.8057778,0.16011111,0.034055557,5.5555556E-5,0.0
77,0.8046111,0.15172222,0.043555554,5.5555556E-5,5.5555556E-5
78,0.8043889,0.1493889,0.045722224,3.8888888E-4,1.1111111E-4
79,0.8040556,0.14888889,0.0465,1.6666666E-4,3.8888888E-4
80,0.80355555,0.14877778,0.047111113,1.6666666E-4,3.8888888E-4
81,0.80311114,0.14861111,0.04772222,1.1111111E-4,4.4444445E-4
82,0.80216664,0.14927778,0.047944445,1.6666666E-4,4.4444445E-4
83,0.801,0.14977778,0.048611112,1.1111111E-4,5.0E-4
84,0.79983336,0.15055555,0.048944443,1.6666666E-4,5.0E-4
85,0.79866666,0.15138888,0.04927778,1.1111111E-4,5.5555557E-4
86,0.79744446,0.15216666,0.04972222,1.1111111E-4,5.5555557E-4
87,0.7961111,0.15311112,0.05011111,1.1111111E-4,5.5555557E-4
88,0.79494447,0.1538889,0.050444443,1.6666666E-4,5.5555557E-4
89,0.7937222,0.15477778,0.050777778,1.1111111E-4,6.111111E-4
90,0.7928333,0.15527777,0.051166665,1.1111111E-4,6.111111E-4
91,0.79205555,0.15588889,0.051333334,1.1111111E-4,6.111111E-4
92,0.79083335,0.15688889,0.051555555,1.1111111E-4,6.111111E-4
93,0.7898889,0.15744445,0.051944446,1.1111111E-4,6.111111E-4
94,0.7882778,0.15883334,0.052166667,1.1111111E-4,6.111111E-4
95,0.7867778,0.1598889,0.052611113,1.1111111E-4,6.111111E-4
96,0.7856111,0.1608889,0.052722223,1.6666666E-4,6.111111E-4
97,0.7841667,0.16211112,0.05288889,1.6666666E-4,6.6666666E-4
98,0.7828889,0.16305555,0.05322222,1.6666666E-4,6.6666666E-4
99,0.7812778,0.16416667,0.05372222,1.6666666E-4,6.6666666E-4
100,0.7795,0.16555555,0.054111112,1.6666666E-4,6.6666666E-4
101,0.77683336,0.16772223,0.054611113,1.6666666E-4,6.6666666E-4
102,0.7736667,0.17072222,0.05477778,1.1111111E-4,7.222222E-4
103,0.77,0.174,0.05511111,1.6666666E-4,7.222222E-4
104,0.7658333,0.17783333,0.055444445,1.1111111E-4,7.7777775E-4
105,0.7627778,0.18033333,0.056,1.1111111E-4,7.7777775E-4
106,0.7593333,0.18333334,0.056277778,2.7777778E-4,7.7777775E-4
107,0.75505555,0.18711111,0.056722224,2.2222222E-4,8.888889E-4
108,0.7497778,0.19205555,0.057055555,2.2222222E-4,8.888889E-4
109,0.7448889,0.19644445,0.057555556,2.2222222E-4,8.888889E-4
110,0.73983335,0.201,0.058055557,2.2222222E-4,8.888889E-4
111,0.73466665,0.20577778,0.058333334,3.3333333E-4,8.888889E-4
112,0.7275,0.21227778,0.05872222,5.0E-4,0.001
113,0.7223333,0.2165,0.059555557,5.0E-4,0.0011111111
114,0.7147222,0.22361112,0.059944443,5.0E-4,0.0012222222
115,0.7087778,0.22855556,0.060944445,5.0E-4,0.0012222222
116,0.7033333,0.23366667,0.061166666,6.111111E-4,0.0012222222
117,0.6955,0.2405,0.06216667,6.111111E-4,0.0012222222
118,0.68833333,0.24733333,0.0625,6.111111E-4,0.0012222222
119,0.67983335,0.2547222,0.06355555,6.6666666E-4,0.0012222222
120,0.67161113,0.26227778,0.06411111,6.6666666E-4,0.0013333333
121,0.6638333,0.26922223,0.06488889,6.6666666E-4,0.0013888889
122,0.655,0.27766666,0.06527778,6.111111E-4,0.0014444444
123,0.6455,0.28633332,0.06572222,0.001,0.0014444444
124,0.6370556,0.2941111,0.06627778,7.7777775E-4,0.0017777778
125,0.61694443,0.31144443,0.06905556,7.7777775E-4,0.0017777778
126,0.61183333,0.3153889,0.07022222,6.111111E-4,0.0019444445
127,0.60922223,0.31783333,0.07038889,5.5555557E-4,0.002
128,0.6078333,0.31872222,0.07083333,6.111111E-4,0.002
129,0.6063333,0.31983334,0.07094444,8.888889E-4,0.002
130,0.6053889,0.32061112,0.071055554,8.3333335E-4,0.002111111
131,0.6040556,0.32183334,0.071166664,7.7777775E-4,0.0021666666
132,0.6027778,0.32283333,0.071444444,6.6666666E-4,0.0022777778
133,0.60105556,0.32444444,0.071555555,6.6666666E-4,0.0022777778
134,0.6002778,0.32511112,0.071555555,7.7777775E-4,0.0022777778
135,0.5990555,0.32633334,0.071555555,7.7777775E-4,0.0022777778
136,0.59738886,0.32794446,0.071555555,8.3333335E-4,0.0022777778
137,0.5962222,0.32905555,0.071444444,9.4444444E-4,0.0023333333
138,0.59511113,0.33005556,0.0715,9.4444444E-4,0.002388889
139,0.59444445,0.3306111,0.071555555,0.001,0.002388889
140,0.5937222,0.33116665,0.071611114,0.001,0.0025
141,0.5921111,0.33272222,0.071666665,9.4444444E-4,0.0025555557
142,0.5913889,0.33344445,0.0715,0.0010555555,0.0026111112
143,0.5901667,0.33444443,0.071722224,0.0010555555,0.0026111112
144,0.58933336,0.3351111,0.071833335,9.4444444E-4,0.0027777778
145,0.5885556,0.33583334,0.07188889,8.888889E-4,0.0028333333
146,0.5877778,0.33655557,0.07188889,9.4444444E-4,0.0028333333
147,0.587,0.33711112,0.07211111,9.4444444E-4,0.0028333333
148,0.5863889,0.3377222,0.07211111,8.888889E-4,0.0028888888
149,0.58555555,0.33844444,0.07211111,0.001,0.0028888888
150,0.5848333,0.33916667,0.07211111,0.001,0.0028888888
151,0.58433336,0.33955556,0.07216667,0.001,0.0029444445
152,0.5835556,0.3402778,0.07216667,9.4444444E-4,0.0030555555
153,0.5827778,0.34083334,0.07238889,8.3333335E-4,0.0031666667
154,0.5823333,0.34122223,0.07227778,0.001,0.0031666667
155,0.58144444,0.3421111,0.072222225,0.001,0.0032222222
156,0.58111113,0.34227777,0.07238889,0.001,0.0032222222
157,0.58066666,0.34255555,0.0725,0.001,0.0032777777
158,0.5797778,0.34327778,0.0725,0.0011666666,0.0032777777
159,0.5793333,0.3435,0.07272222,0.0011666666,0.0032777777
160,0.5783333,0.3443889,0.07283334,0.0010555555,0.003388889
161,0.57744443,0.34494445,0.07305556,0.0011666666,0.003388889
162,0.5768333,0.34555554,0.07305556,0.0011111111,0.0034444444
163,0.57622224,0.34588888,0.07333333,0.0010555555,0.0035
164,0.5759444,0.34611112,0.07338889,9.4444444E-4,0.003611111
165,0.5755,0.34633332,0.07361111,9.4444444E-4,0.003611111
166,0.5751111,0.34655556,0.07377778,8.888889E-4,0.0036666666
167,0.5746111,0.347,0.07383333,8.888889E-4,0.0036666666
168,0.574,0.34755555,0.07388889,8.888889E-4,0.0036666666
169,0.5733333,0.348,0.074,0.001,0.0036666666
170,0.5723889,0.34872222,0.07416666,0.0010555555,0.0036666666
171,0.5721667,0.34872222,0.07427778,0.0010555555,0.0037777778
172,0.5713889,0.3493889,0.07438889,0.0010555555,0.0037777778
173,0.57105553,0.34955555,0.0745,0.0011111111,0.0037777778
174,0.5705,0.3501111,0.0745,0.0010555555,0.0038333333
175,0.57,0.35055557,0.0745,0.0011111111,0.0038333333
176,0.5696667,0.35072222,0.07461111,0.0011111111,0.003888889
177,0.5692222,0.35094443,0.07483333,0.0011111111,0.003888889
178,0.5685,0.3515,0.075,0.0010555555,0.0039444445
179,0.5672778,0.35261112,0.075055555,0.0011111111,0.0039444445
180,0.56688887,0.35272223,0.075333335,0.0011111111,0.0039444445
181,0.5665,0.35294443,0.0755,0.0010555555,0.004
182,0.5657778,0.3536111,0.075444445,0.0011666666,0.004
183,0.56516665,0.35394445,0.075666666,0.0011666666,0.0040555554
184,0.5645555,0.3541111,0.07611111,0.0010555555,0.004166667
185,0.564,0.35433334,0.07638889,0.0010555555,0.004222222
186,0.56344444,0.35483333,0.07622222,0.0012777778,0.004222222
187,0.56288886,0.35505554,0.07655556,0.0012222222,0.004277778
188,0.5622778,0.35561112,0.0765,0.0013333333,0.004277778
189,0.5616111,0.3561111,0.07661111,0.0012777778,0.004388889
190,0.5611111,0.3565,0.07666667,0.0012777778,0.0044444446
191,0.5606111,0.35672224,0.07694445,0.0012777778,0.0044444446
192,0.5603333,0.3568889,0.077,0.0012777778,0.0045
193,0.56,0.35694444,0.07722222,0.0013333333,0.0045
194,0.5593333,0.3575,0.07727778,0.0013888889,0.0045
195,0.55905557,0.35755557,0.07744444,0.0014444444,0.0045
196,0.55833334,0.35822222,0.07744444,0.0014444444,0.0045555555
197,0.5575,0.35894445,0.07755555,0.0014444444,0.0045555555
198,0.557,0.35883334,0.07811111,0.0014444444,0.0046111112
199,0.5566667,0.3588889,0.07833333,0.0014444444,0.0046666665
200,0.5283333,0.38072222,0.08427778,0.0018333333,0.004833333
201,0.5177778,0.3843889,0.090833336,0.0017777778,0.0052222223
202,0.5056111,0.39238888,0.09472222,0.0017777778,0.0055
203,0.4915,0.40411112,0.09655555,0.002111111,0.0057222224
204,0.47544444,0.41761112,0.09894445,0.0017777778,0.006222222
205,0.46161112,0.42905554,0.101277776,0.0017777778,0.0062777777
206,0.4487222,0.43955556,0.10355555,0.0018333333,0.0063333334
207,0.43638888,0.44983333,0.105444446,0.0019444445,0.0063888887
208,0.425,0.45927778,0.10722222,0.002,0.0065
209,0.41416666,0.46872222,0.108222224,0.002388889,0.0065
210,0.40405557,0.47694445,0.10988889,0.0023333333,0.006777778
211,0.3953889,0.4841111,0.11116666,0.002388889,0.0069444445
212,0.38727778,0.49066666,0.11261111,0.0022777778,0.0071666664
213,0.37927777,0.49722221,0.11377778,0.0024444445,0.007277778
214,0.372,0.50294447,0.11494444,0.0026111112,0.0075
215,0.36455557,0.50872225,0.11655556,0.0025555557,0.0076111113
216,0.358,0.51383334,0.11777778,0.0025,0.007888889
217,0.35077778,0.5197778,0.118777774,0.0027222221,0.007944444
218,0.3445,0.52477777,0.119666666,0.0030555555,0.008
219,0.33861113,0.52922225,0.12094445,0.0029444445,0.008277778
220,0.3332778,0.5338333,0.12161111,0.0028888888,0.008388889
221,0.32666665,0.53944445,0.122555554,0.0028888888,0.008444444
222,0.32083333,0.54422224,0.1235,0.0028888888,0.008555556
223,0.31622222,0.5476111,0.12455556,0.0029444445,0.008666666
224,0.31172222,0.55105555,0.1255,0.0030555555,0.008666666
225,0.307,0.55516666,0.12605555,0.003111111,0.008666666
226,0.30416667,0.55705553,0.12683333,0.0031666667,0.008777778
227,0.30027777,0.56005555,0.12761112,0.0032222222,0.008833333
228,0.29616666,0.5631111,0.12838888,0.0034444444,0.008888889
229,0.29316667,0.5653333,0.12905556,0.0035,0.008944444
230,0.29005554,0.5676111,0.12972222,0.0036666666,0.008944444
231,0.28638887,0.57055557,0.13027778,0.0037777778,0.009
232,0.28327778,0.57316667,0.13066667,0.003888889,0.009
233,0.28138888,0.57383335,0.13161111,0.004,0.009166666
234,0.27866668,0.576,0.13205555,0.004,0.009277778
235,0.27633333,0.5775,0.13272223,0.004111111,0.009333333
236,0.27366668,0.5795,0.1331111,0.004277778,0.009444444
237,0.2711111,0.58133334,0.13344444,0.0046111112,0.0095
238,0.26872224,0.5831111,0.13388889,0.004722222,0.009555556
239,0.267,0.5842222,0.13433333,0.004888889,0.009555556
240,0.26494443,0.5852778,0.135,0.0052222223,0.009555556
241,0.2633889,0.5861667,0.1355,0.0053333333,0.009611111
242,0.262,0.5867222,0.13611111,0.0055,0.009666666
243,0.26066667,0.5873889,0.13655555,0.0056666667,0.009722223
244,0.2592778,0.5882222,0.13705556,0.0057222224,0.009722223
245,0.25766668,0.5888889,0.13794445,0.0057222224,0.009777778
246,0.2563889,0.58933336,0.13861111,0.005888889,0.009777778
247,0.2548889,0.5903889,0.13872223,0.0061666667,0.009833333
248,0.25355557,0.5910556,0.13916667,0.006222222,0.01
249,0.25283334,0.5908333,0.14,0.006222222,0.010111111
250,0.25077778,0.59055555,0.14216666,0.0063333334,0.0101666665
251,0.25016665,0.59022224,0.14255555,0.006722222,0.010333333
252,0.24977778,0.59022224,0.1425,0.006888889,0.010611111
253,0.24955556,0.59044445,0.1425,0.006888889,0.010611111
254,0.24938889,0.59011114,0.14255555,0.007,0.010944445
255,0.24916667,0.59033334,0.1425,0.0069444445,0.011055555
256,0.24894445,0.5905,0.1423889,0.0070555555,0.011111111
257,0.2488889,0.59044445,0.14244445,0.0070555555,0.011166667
258,0.24877778,0.59055555,0.14244445,0.0070555555,0.011166667
259,0.24833333,0.591,0.14227778,0.007222222,0.011166667
260,0.24811111,0.5912222,0.14227778,0.007222222,0.011166667
261,0.24794444,0.5913889,0.14205556,0.007333333,0.011277778
262,0.24772222,0.5916111,0.14205556,0.007277778,0.011333333
263,0.24755555,0.5917778,0.142,0.007277778,0.011388889
264,0.24727778,0.592,0.142,0.007222222,0.0115
265,0.24694444,0.59227777,0.14205556,0.0071666664,0.011555555
266,0.24677777,0.59238887,0.14211111,0.0071666664,0.011555555
267,0.24627778,0.5925556,0.14222223,0.007333333,0.011611111
268,0.246,0.59272224,0.14216666,0.0075,0.011611111
269,0.24588889,0.59272224,0.14205556,0.0075,0.011833333
270,0.2455,0.5927778,0.14227778,0.0075555556,0.011888889
271,0.24527778,0.593,0.14216666,0.007333333,0.012222222
272,0.24511111,0.5931111,0.14222223,0.007333333,0.012222222
273,0.24477778,0.5933333,0.142,0.0076111113,0.012277778
274,0.2445,0.5936111,0.142,0.0075555556,0.0123333335
275,0.2441111,0.59394443,0.142,0.0075555556,0.012388889
276,0.24388888,0.5941667,0.14188889,0.007388889,0.012666667
277,0.2435,0.59444445,0.142,0.007388889,0.012666667
278,0.24333334,0.5946111,0.142,0.007333333,0.012722222
279,0.243,0.5949444,0.14194444,0.0071666664,0.012944444
280,0.24266666,0.5952778,0.14194444,0.007,0.013111111
281,0.2425,0.5953889,0.142,0.007,0.013111111
282,0.24216667,0.5957222,0.142,0.0069444445,0.013166667
283,0.24166666,0.59594446,0.14216666,0.0070555555,0.013166667
284,0.2415,0.5961111,0.14205556,0.007111111,0.013222222
285,0.24116667,0.5964444,0.142,0.0071666664,0.013222222
286,0.24066667,0.5967778,0.142,0.007111111,0.013444444
287,0.2405,0.5967778,0.14211111,0.0071666664,0.013444444
288,0.24005556,0.5972222,0.14194444,0.007222222,0.013555556
289,0.23972222,0.59738886,0.14211111,0.0071666664,0.013611111
290,0.2395,0.5976111,0.14211111,0.007,0.013777778
291,0.23933333,0.5977778,0.14211111,0.007,0.013777778
292,0.239,0.59805554,0.14211111,0.0070555555,0.013777778
293,0.23883334,0.5981111,0.14205556,0.007222222,0.013777778
294,0.23861112,0.59833336,0.14194444,0.007222222,0.013888889
295,0.2383889,0.59855556,0.14194444,0.007111111,0.014
296,0.23777778,0.5991667,0.14194444,0.0070555555,0.014055556
297,0.2375,0.59944445,0.14194444,0.007,0.014111111
298,0.23716667,0.5997222,0.14194444,0.007,0.014166667
299,0.23683333,0.5999445,0.14205556,0.006888889,0.014277778
300,0.23655556,0.6001111,0.14211111,0.0068333335,0.014388889
301,0.23588888,0.6007222,0.14211111,0.0068333335,0.014444444
302,0.23533334,0.6012222,0.14216666,0.0068333335,0.014444444
303,0.23511112,0.6014444,0.14216666,0.0068333335,0.014444444
304,0.23472223,0.6017778,0.14211111,0.006888889,0.0145
305,0.23444444,0.602,0.14216666,0.006888889,0.0145
306,0.23416667,0.60227776,0.14216666,0.006888889,0.0145
307,0.23394445,0.60244447,0.14216666,0.0068333335,0.014611111
308,0.2336111,0.6027778,0.14216666,0.0068333335,0.014611111
309,0.23327778,0.6031111,0.14216666,0.006777778,0.014666666
310,0.23277777,0.6036111,0.14216666,0.0065,0.014944444
311,0.23244445,0.6039444,0.14216666,0.0065,0.014944444
312,0.23183334,0.60455555,0.14216666,0.0064444444,0.015
313,0.23172222,0.60466665,0.14216666,0.0064444444,0.015
314,0.23133333,0.605,0.14222223,0.0063888887,0.015055556
315,0.23088889,0.60544443,0.14222223,0.0063333334,0.015111111
316,0.23033333,0.60594445,0.14222223,0.0063888887,0.015111111
317,0.22966667,0.6065556,0.14227778,0.0063888887,0.015111111
318,0.229,0.60716665,0.14227778,0.0064444444,0.015111111
319,0.22866666,0.60733336,0.14244445,0.0063888887,0.015166666
320,0.22833334,0.6073889,0.14261112,0.0065,0.015166666
321,0.22761111,0.6078889,0.14272222,0.006611111,0.015166666
322,0.227,0.60844445,0.14261112,0.006666667,0.015277778
323,0.22683333,0.6085,0.14266667,0.0064444444,0.015555556
324,0.22638889,0.60888886,0.14272222,0.0063333334,0.015666667
325,0.22277778,0.5982222,0.15616667,0.0068333335,0.016
326,0.22122222,0.59455556,0.16122222,0.006722222,0.016277777
327,0.21555555,0.5986111,0.16283333,0.006722222,0.016277777
328,0.2125,0.59911114,0.16533333,0.006722222,0.016333334
329,0.21027778,0.5967778,0.16983333,0.006666667,0.016444445
330,0.20805556,0.59455556,0.17416666,0.006722222,0.0165
331,0.20566666,0.5936667,0.17733334,0.006666667,0.016666668
332,0.20355555,0.59155554,0.1815,0.006666667,0.016722223
333,0.20216666,0.58883333,0.1853889,0.006722222,0.016888889
334,0.20077778,0.5867778,0.18872222,0.006611111,0.017111111
335,0.19955556,0.58555555,0.19111112,0.0065555554,0.017222222
336,0.19822222,0.5851111,0.19288889,0.0065,0.017277777
337,0.19655555,0.5841111,0.1955,0.0065,0.017333332
338,0.19527778,0.583,0.19772223,0.0065555554,0.017444445
339,0.19361112,0.5815,0.20066667,0.0065,0.017722223
340,0.19277778,0.58005553,0.20283334,0.0064444444,0.017888889
341,0.19194445,0.5781111,0.20538889,0.0065,0.018055556
342,0.19111112,0.57544446,0.20883334,0.0065,0.018111112
343,0.19022222,0.57394445,0.211,0.006611111,0.018222222
344,0.18922222,0.57233334,0.21338889,0.0068333335,0.018222222
345,0.18855555,0.5711111,0.21527778,0.006777778,0.018277777
346,0.18772222,0.5691111,0.21788889,0.0068333335,0.018444445
347,0.18694444,0.5678333,0.21983333,0.006666667,0.018722223
348,0.18611111,0.5662778,0.22222222,0.0065555554,0.018833334
349,0.18505555,0.5655,0.22383334,0.006666667,0.018944444
350,0.1845,0.5642222,0.2256111,0.0063888887,0.019277778
351,0.18383333,0.5635,0.22694445,0.0062777777,0.019444445
352,0.18327777,0.5620555,0.22888888,0.0063333334,0.019444445
353,0.18261111,0.56133336,0.23022223,0.0062777777,0.019555556
354,0.18205556,0.5602222,0.23188889,0.006222222,0.01961111
355,0.18177778,0.5592778,0.233,0.006222222,0.019722221
356,0.18127778,0.55777776,0.23494445,0.0061666667,0.019833334
357,0.18055555,0.5566111,0.23661111,0.0062777777,0.019944444
358,0.18022223,0.5555556,0.23794444,0.006055556,0.020222222
359,0.17972222,0.5541667,0.23983334,0.005888889,0.020388888
360,0.17922223,0.5536111,0.2408889,0.0058333334,0.020444445
361,0.17883334,0.5529444,0.24194445,0.0058333334,0.020444445
362,0.17833333,0.55233335,0.243,0.005888889,0.020444445
363,0.17805555,0.5517778,0.24372222,0.006,0.020444445
364,0.17772222,0.5506667,0.24511111,0.0058333334,0.020666666
365,0.177,0.5502222,0.24605556,0.006055556,0.020666666
366,0.17661111,0.5491111,0.24738888,0.0061666667,0.020722222
367,0.17644444,0.5477778,0.24883333,0.006222222,0.020722222
368,0.17611112,0.5471111,0.24972223,0.0062777777,0.020777779
369,0.17561111,0.5465556,0.2505,0.0064444444,0.02088889
370,0.17516667,0.5456667,0.25172222,0.0065555554,0.02088889
371,0.17472222,0.5452222,0.25244445,0.006611111,0.021
372,0.17422222,0.54455554,0.25338888,0.0068333335,0.021
373,0.17355555,0.54455554,0.25383332,0.0070555555,0.021
374,0.17333333,0.5437222,0.2547222,0.007111111,0.02111111
375,0.17144445,0.54388887,0.25644445,0.007111111,0.02111111
376,0.17088889,0.5440556,0.2566111,0.0070555555,0.021388888
377,0.17077778,0.5438333,0.25655556,0.007388889,0.021444444
378,0.17077778,0.5436111,0.2567222,0.007333333,0.021555556
379,0.17077778,0.54344445,0.2567222,0.007222222,0.021833334
380,0.17066666,0.54355556,0.2567222,0.0071666664,0.02188889
381,0.17061111,0.54355556,0.25666666,0.007222222,0.021944445
382,0.17038889,0.54366666,0.2563889,0.0075,0.022055555
383,0.17033334,0.54355556,0.25655556,0.0075,0.022055555
384,0.17033334,0.54344445,0.2566111,0.0074444446,0.022166668
385,0.17033334,0.5432778,0.25666666,0.007333333,0.022388889
386,0.17027777,0.54333335,0.25666666,0.007277778,0.022444444
387,0.17022222,0.5432778,0.25666666,0.007388889,0.022444444
388,0.17022222,0.5432778,0.25666666,0.007388889,0.022444444
389,0.17016667,0.54322225,0.25677776,0.007333333,0.0225
390,0.17005555,0.5432778,0.25683334,0.007277778,0.022555556
391,0.17,0.54316664,0.25694445,0.007333333,0.022555556
392,0.16994445,0.54294443,0.25716665,0.007388889,0.022555556
393,0.16994445,0.5428333,0.2572778,0.007388889,0.022555556
394,0.16994445,0.5427778,0.25733334,0.007388889,0.022555556
395,0.16983333,0.5427222,0.2575,0.007333333,0.022611111
396,0.16983333,0.5425,0.25772223,0.007277778,0.022666667
397,0.16972223,0.5425,0.25783333,0.007277778,0.022666667
398,0.16961111,0.54244447,0.258,0.007277778,0.022666667
399,0.16955556,0.54244447,0.25805557,0.007222222,0.022722222
400,0.16938889,0.5425,0.25816667,0.007222222,0.022722222
401,0.16916667,0.5426667,0.25822222,0.007222222,0.022722222
402,0.16905555,0.5426667,0.25833333,0.007222222,0.022722222
403,0.169,0.5426111,0.25838888,0.007222222,0.022777777
404,0.16888888,0.5426111,0.2585,0.007222222,0.022777777
405,0.16883333,0.5426667,0.2585,0.0071666664,0.022833332
406,0.16872223,0.5427222,0.2585,0.007222222,0.022833332
407,0.16861111,0.5427222,0.2586111,0.007222222,0.022833332
408,0.16855556,0.5426667,0.25872222,0.007111111,0.022944445
409,0.1685,0.5426667,0.25877777,0.007111111,0.022944445
410,0.16838889,0.5427222,0.25877777,0.0071666664,0.022944445
411,0.16833334,0.5427778,0.25877777,0.0071666664,0.022944445
412,0.16827779,0.5427778,0.25883332,0.007111111,0.023
413,0.16822222,0.5427222,0.25894445,0.0070555555,0.023055555
414,0.16811112,0.5427778,0.259,0.007,0.02311111
415,0.16811112,0.5427778,0.25894445,0.0070555555,0.02311111
416,0.16805555,0.5427778,0.259,0.0070555555,0.02311111
417,0.16794445,0.5428333,0.25905555,0.0070555555,0.02311111
418,0.1678889,0.5427778,0.25916666,0.0070555555,0.02311111
419,0.16783333,0.5427778,0.2592222,0.0070555555,0.02311111
420,0.16783333,0.5427778,0.2592222,0.0070555555,0.02311111
421,0.16783333,0.5427778,0.2592222,0.0070555555,0.02311111
422,0.16777778,0.5426667,0.25933334,0.007111111,0.02311111
423,0.16772223,0.5425,0.25955555,0.007,0.023222223
424,0.1676111,0.5423889,0.25972223,0.0070555555,0.023222223
425,0.1676111,0.5423333,0.25972223,0.0070555555,0.023277778
426,0.1675,0.5423889,0.25977778,0.007,0.023333333
427,0.16744444,0.5423889,0.25972223,0.0070555555,0.023388889
428,0.16716667,0.5426667,0.25966668,0.007111111,0.023388889
429,0.16711111,0.54244447,0.2598889,0.0071666664,0.023388889
430,0.16705556,0.5423889,0.26,0.0071666664,0.023388889
431,0.1668889,0.5423889,0.26005554,0.007222222,0.023444444
432,0.16672222,0.5423889,0.26022223,0.0071666664,0.0235
433,0.16666667,0.5423333,0.26033333,0.0071666664,0.0235
434,0.1665,0.54227775,0.26055557,0.0071666664,0.0235
435,0.16627778,0.54227775,0.26077777,0.007111111,0.023555556
436,0.16605556,0.5423333,0.26083332,0.007222222,0.023555556
437,0.16594444,0.54227775,0.26066667,0.007388889,0.023722222
438,0.16572222,0.54216665,0.261,0.007333333,0.023777777
439,0.1655,0.5422222,0.26116666,0.007333333,0.023777777
440,0.16538888,0.54227775,0.2612222,0.007333333,0.023777777
441,0.16522223,0.54227775,0.2613889,0.007333333,0.023777777
442,0.16505556,0.5423333,0.2615,0.007333333,0.023777777
443,0.16488889,0.5422222,0.2617778,0.007333333,0.023777777
444,0.16483334,0.54216665,0.2618889,0.007333333,0.023777777
445,0.16477777,0.5421111,0.262,0.007333333,0.023777777
446,0.16455555,0.54216665,0.26216668,0.007333333,0.023777777
447,0.16444445,0.54227775,0.26216668,0.007333333,0.023777777
448,0.16433333,0.5423333,0.26222223,0.007333333,0.023777777
449,0.16394444,0.5425556,0.26238889,0.007333333,0.023777777
450,0.16294445,0.53444445,0.2713889,0.007,0.024222223
451,0.16244444,0.5308333,0.2755,0.0069444445,0.024277778
452,0.16055556,0.52955556,0.27866668,0.0069444445,0.024277778
453,0.15933333,0.5288333,0.2806111,0.0069444445,0.024277778
454,0.15827778,0.5275556,0.28294444,0.0069444445,0.024277778
455,0.1573889,0.52666664,0.2847222,0.0069444445,0.024277778
456,0.15666667,0.5253889,0.28655556,0.007111111,0.024277778
457,0.15566666,0.524,0.28883332,0.007222222,0.024277778
458,0.15522222,0.5226111,0.29066667,0.0071666664,0.024333334
459,0.15455556,0.52166665,0.2921111,0.007333333,0.024333334
460,0.15416667,0.52066666,0.2933889,0.0074444446,0.024333334
461,0.1538889,0.5199444,0.29422224,0.0074444446,0.0245
462,0.15361111,0.51916665,0.29511112,0.0076111113,0.0245
463,0.15333334,0.51861113,0.29566666,0.007777778,0.024611112
464,0.15322222,0.51794446,0.29633334,0.007888889,0.024611112
465,0.153,0.5166111,0.29788888,0.007888889,0.024611112
466,0.1525,0.5157222,0.29922223,0.007944444,0.024611112
467,0.15244444,0.5143333,0.30066666,0.007833334,0.024722222
468,0.15216666,0.5134444,0.30183333,0.007777778,0.024777777
469,0.1516111,0.5132222,0.30227777,0.007944444,0.024944445
470,0.15138888,0.5121667,0.30344445,0.007944444,0.025055556
471,0.15116666,0.5101111,0.30555555,0.007944444,0.025222221
472,0.15066667,0.509,0.30688888,0.008055556,0.025388889
473,0.15027778,0.5082222,0.30805555,0.007944444,0.0255
474,0.15005556,0.50733334,0.30916667,0.007944444,0.0255
475,0.14988889,0.5061111,0.31055555,0.007944444,0.0255
476,0.14966667,0.50494444,0.31166667,0.008222222,0.0255
477,0.14927778,0.50372225,0.31327778,0.008222222,0.0255
478,0.14916667,0.5030556,0.314,0.008277778,0.0255
479,0.14905556,0.5022778,0.31483334,0.008277778,0.025555555
480,0.14888889,0.5007778,0.31633332,0.008388889,0.025611112
481,0.14861111,0.49966666,0.31766668,0.008333334,0.025722222
482,0.14838889,0.49877778,0.31877777,0.008277778,0.025777778
483,0.14805555,0.49822223,0.3196111,0.008333334,0.025777778
484,0.14755556,0.497,0.321,0.008444444,0.026
485,0.14711112,0.49627778,0.3221111,0.0085,0.026
486,0.14694445,0.4957778,0.32277778,0.0085,0.026
487,0.14666666,0.4952778,0.32344446,0.0085,0.026111111
488,0.14633334,0.495,0.32405555,0.0085,0.026111111
489,0.14616667,0.49422222,0.32494444,0.0085,0.026166666
490,0.14611112,0.49372223,0.3255,0.0085,0.026166666
491,0.14605555,0.49294445,0.3262778,0.008555556,0.026166666
492,0.14572223,0.49238887,0.32716668,0.008555556,0.026166666
493,0.1455,0.49194443,0.32772222,0.008666666,0.026166666
494,0.14533333,0.49166667,0.32805556,0.008722222,0.026222222
495,0.145,0.4915,0.3285,0.008666666,0.026333334
496,0.1448889,0.49105555,0.32905555,0.008555556,0.026444444
497,0.14477777,0.49044445,0.32977778,0.008555556,0.026444444
498,0.1446111,0.4901111,0.33027777,0.008555556,0.026444444
499,0.14433333,0.48994446,0.3307222,0.0085,0.0265
500,0.14288889,0.4901111,0.33183333,0.008444444,0.026722223
501,0.14261112,0.4901111,0.33194444,0.008388889,0.026944444
502,0.14244445,0.49022222,0.332,0.008388889,0.026944444
503,0.1423889,0.49022222,0.33183333,0.008611111,0.026944444
504,0.1423889,0.49022222,0.33183333,0.008555556,0.027
505,0.14216666,0.4903889,0.33188888,0.0085,0.027055556
506,0.14216666,0.4903889,0.33188888,0.008388889,0.027166666
507,0.14211111,0.4903889,0.33194444,0.008388889,0.027166666
508,0.14205556,0.4903889,0.332,0.008388889,0.027166666
509,0.142,0.49044445,0.332,0.008388889,0.027166666
510,0.14194444,0.4905,0.33188888,0.0085,0.027166666
511,0.14188889,0.49044445,0.332,0.0085,0.027166666
512,0.14177778,0.4905,0.332,0.008555556,0.027166666
513,0.14166667,0.4906111,0.332,0.008555556,0.027166666
514,0.1413889,0.4906111,0.33205557,0.008666666,0.027277777
515,0.14127778,0.49066666,0.33211112,0.008666666,0.027277777
516,0.14127778,0.49066666,0.33205557,0.008722222,0.027277777
517,0.14122222,0.49066666,0.33211112,0.008666666,0.027333334
518,0.14116667,0.4907222,0.33211112,0.008666666,0.027333334
519,0.14105555,0.49066666,0.33227777,0.008666666,0.027333334
520,0.141,0.4907222,0.33216667,0.008666666,0.027444445
521,0.14088888,0.49066666,0.33233333,0.008666666,0.027444445
522,0.14088888,0.4906111,0.33233333,0.008722222,0.027444445
523,0.14077778,0.4906111,0.33244446,0.008722222,0.027444445
524,0.14077778,0.49055555,0.3325,0.008722222,0.027444445
525,0.14077778,0.4905,0.33255556,0.008722222,0.027444445
526,0.14061111,0.4906111,0.33255556,0.008777778,0.027444445
527,0.14055556,0.49066666,0.33255556,0.008777778,0.027444445
528,0.14044444,0.49066666,0.3326111,0.008777778,0.0275
529,0.14044444,0.4905,0.33277777,0.008777778,0.0275
530,0.14033334,0.4906111,0.33272222,0.008833333,0.0275
531,0.14033334,0.49055555,0.33266667,0.008944444,0.0275
532,0.14016667,0.4906111,0.33277777,0.008833333,0.02761111
533,0.14011112,0.4905,0.33294445,0.008833333,0.02761111
534,0.14011112,0.4905,0.33294445,0.008833333,0.02761111
535,0.14005555,0.49044445,0.333,0.008833333,0.027666667
536,0.14005555,0.49033332,0.3331111,0.008833333,0.027666667
537,0.14005555,0.49033332,0.3331111,0.008777778,0.027722223
538,0.14005555,0.49,0.33333334,0.008888889,0.027722223
539,0.14005555,0.48988888,0.3333889,0.008833333,0.027833333
540,0.14005555,0.48977777,0.3335,0.008833333,0.027833333
541,0.14005555,0.48966667,0.33355555,0.008888889,0.027833333
542,0.14005555,0.48961112,0.3336111,0.008888889,0.027833333
543,0.13983333,0.48977777,0.3336111,0.008888889,0.027888888
544,0.13977778,0.48977777,0.33366665,0.008833333,0.027944444
545,0.13977778,0.48972222,0.3336111,0.008777778,0.028111111
546,0.13977778,0.48966667,0.33366665,0.008777778,0.028111111
547,0.13966666,0.48972222,0.33372223,0.008777778,0.028111111
548,0.13961111,0.48966667,0.3337778,0.008833333,0.028111111
549,0.13961111,0.4895,0.33394444,0.008833333,0.028111111
550,0.13944444,0.48961112,0.334,0.008833333,0.028111111
551,0.13938889,0.4895,0.33411112,0.008888889,0.028111111
552,0.13933334,0.48944443,0.33416668,0.008944444,0.028111111
553,0.13922222,0.48922223,0.33433333,0.009,0.028222222
554,0.13911112,0.48927778,0.33438888,0.009,0.028222222
555,0.13894445,0.48944443,0.33427778,0.009055556,0.028277777
556,0.13894445,0.48933333,0.33438888,0.009055556,0.028277777
557,0.13894445,0.48916668,0.33455557,0.009,0.028333334
558,0.13866666,0.48944443,0.33455557,0.009,0.028333334
559,0.13861111,0.48938888,0.33461112,0.009055556,0.028333334
560,0.1385,0.48944443,0.33466667,0.009055556,0.028333334
561,0.13838889,0.48955557,0.33466667,0.009,0.02838889
562,0.13805556,0.48983333,0.33472222,0.009,0.02838889
563,0.13805556,0.48977777,0.33472222,0.008944444,0.0285
564,0.138,0.48972222,0.33477777,0.009,0.0285
565,0.1378889,0.4895,0.3351111,0.009,0.0285
566,0.1378889,0.48933333,0.33527777,0.009,0.0285
567,0.1378889,0.48905554,0.3355,0.009055556,0.0285
568,0.13783333,0.48883334,0.3357778,0.009055556,0.0285
569,0.13783333,0.48872223,0.3358889,0.009,0.028555555
570,0.13772222,0.4886111,0.3358889,0.009111111,0.028666666
571,0.13766667,0.48844445,0.3361111,0.009,0.028777778
572,0.13755555,0.48844445,0.33622223,0.009,0.028777778
573,0.1375,0.48827776,0.33633333,0.009111111,0.028777778
574,0.13738889,0.48816666,0.33655557,0.009,0.028888889
575,0.13672222,0.4811111,0.34422222,0.008888889,0.029055556
576,0.1365,0.4771111,0.34833333,0.009,0.029055556
577,0.13572222,0.47561112,0.35044444,0.009055556,0.029166667
578,0.13516666,0.4747778,0.35166666,0.009111111,0.029277777
579,0.13488889,0.474,0.35272223,0.009055556,0.029333333
580,0.13444445,0.474,0.35311112,0.009055556,0.02938889
581,0.1341111,0.47322223,0.3542222,0.009,0.029444445
582,0.13372222,0.47266668,0.35516667,0.008888889,0.029555555
583,0.13344444,0.4718889,0.35616666,0.008944444,0.029555555
584,0.1331111,0.4718889,0.35644445,0.008944444,0.02961111
585,0.13305555,0.47138888,0.35694444,0.009,0.02961111
586,0.13288888,0.471,0.3575,0.008888889,0.029722223
587,0.13266666,0.47077778,0.35794446,0.008888889,0.029722223
588,0.1325,0.47061113,0.35827777,0.008888889,0.029722223
589,0.13216667,0.4703889,0.35883334,0.008888889,0.029722223
590,0.1318889,0.4703889,0.3591111,0.008888889,0.029722223
591,0.13177778,0.46983334,0.35972223,0.008888889,0.029777778
592,0.13177778,0.469,0.36055556,0.008833333,0.029833334
593,0.13155556,0.4681111,0.3616111,0.008833333,0.029888889
594,0.13127778,0.4673889,0.36261111,0.008833333,0.029888889
595,0.131,0.46655557,0.36372223,0.008833333,0.029888889
596,0.13072222,0.46577778,0.36477777,0.008777778,0.029944444
597,0.13044444,0.46505556,0.3656111,0.008944444,0.029944444
598,0.13016666,0.46455556,0.3663889,0.008722222,0.030166667
599,0.13005556,0.46416667,0.36666667,0.008888889,0.030222222
600,0.12977777,0.46322224,0.36777776,0.009,0.030222222
601,0.12972222,0.46266666,0.36833334,0.008833333,0.030444445
602,0.12938888,0.46216667,0.36916667,0.008777778,0.0305
603,0.12927778,0.46155557,0.3696111,0.009,0.030555556
604,0.12916666,0.46055555,0.37066665,0.009055556,0.030555556
605,0.12894444,0.45994446,0.3715,0.009055556,0.030555556
606,0.12883334,0.45866665,0.3728889,0.009055556,0.030555556
607,0.12877777,0.45816666,0.37344444,0.009055556,0.030555556
608,0.12861112,0.45772222,0.37405556,0.009055556,0.030555556
609,0.12855555,0.45733333,0.3745,0.009055556,0.030555556
610,0.12838888,0.45716667,0.37483335,0.009055556,0.030555556
611,0.12805556,0.4566111,0.37572223,0.009055556,0.030555556
612,0.12805556,0.4558889,0.37644446,0.009,0.03061111
613,0.12783334,0.455,0.37755555,0.009,0.03061111
614,0.12761112,0.4545,0.37811112,0.009166666,0.03061111
615,0.1275,0.45394444,0.37877777,0.009111111,0.030666666
616,0.12744445,0.4535,0.379,0.009388889,0.030666666
617,0.12727778,0.4531111,0.37944445,0.009444444,0.030722221
618,0.12716667,0.45261112,0.38005555,0.009444444,0.030722221
619,0.127,0.45261112,0.38022223,0.009444444,0.030722221
620,0.12683333,0.45216668,0.38083333,0.009444444,0.030722221
621,0.12677778,0.4518889,0.38116667,0.009444444,0.030722221
622,0.12661111,0.45166665,0.38155556,0.009444444,0.030722221
623,0.12661111,0.45133334,0.38177776,0.009555556,0.030722221
624,0.12644444,0.4511111,0.38216665,0.009555556,0.030722221
625,0.1255,0.45077777,0.38311112,0.009888889,0.030722221
626,0.12533334,0.45066667,0.38322222,0.010055556,0.030722221
627,0.12511112,0.45072222,0.38338888,0.0099444445,0.030833334
628,0.12511112,0.45072222,0.38333333,0.01,0.030833334
629,0.125,0.45077777,0.38333333,0.010055556,0.030833334
630,0.125,0.45072222,0.38338888,0.0099444445,0.030944444
631,0.12488889,0.45083332,0.38338888,0.009888889,0.031
632,0.12488889,0.45077777,0.38344446,0.009888889,0.031
633,0.12483333,0.45083332,0.38344446,0.009888889,0.031
634,0.12483333,0.45077777,0.3835,0.009888889,0.031
635,0.12477778,0.45077777,0.38355556,0.009888889,0.031
636,0.12472222,0.45083332,0.38355556,0.009888889,0.031
637,0.12472222,0.45077777,0.3836111,0.009888889,0.031
638,0.12472222,0.45072222,0.38366666,0.009833333,0.031055555
639,0.12472222,0.45072222,0.38366666,0.009833333,0.031055555
640,0.12472222,0.4506111,0.38377777,0.009833333,0.031055555
641,0.12455556,0.45066667,0.3838889,0.009833333,0.031055555
642,0.1245,0.45066667,0.38394445,0.009833333,0.031055555
643,0.12444445,0.45072222,0.38394445,0.009833333,0.031055555
644,0.12444445,0.45066667,0.384,0.009722223,0.031166667
645,0.12444445,0.45066667,0.384,0.009722223,0.031166667
646,0.12438889,0.45066667,0.38394445,0.009777778,0.031222222
647,0.12438889,0.4506111,0.384,0.009777778,0.031222222
648,0.12438889,0.45055556,0.38405555,0.009777778,0.031222222
649,0.12438889,0.45055556,0.38405555,0.009777778,0.031222222
650,0.12438889,0.45044443,0.38416666,0.009777778,0.031222222
651,0.12433334,0.45038888,0.38416666,0.009888889,0.031222222
652,0.12427778,0.45038888,0.3842222,0.009888889,0.031222222
653,0.12422222,0.45038888,0.3842778,0.009888889,0.031222222
654,0.12411111,0.45044443,0.3842222,0.01,0.031222222
655,0.12411111,0.45044443,0.3842222,0.009888889,0.031333335
656,0.12405556,0.4505,0.3842222,0.009888889,0.031333335
657,0.124,0.45044443,0.38394445,0.010277778,0.031333335
658,0.124,0.45033333,0.3838889,0.010111111,0.031666666
659,0.12394445,0.45033333,0.3838889,0.01,0.031833332
660,0.12394445,0.45027778,0.38394445,0.01,0.031833332
661,0.12388889,0.45033333,0.38394445,0.0099444445,0.031888887
662,0.123833336,0.45033333,0.384,0.0099444445,0.031888887
663,0.123833336,0.45033333,0.384,0.0099444445,0.031888887
664,0.123833336,0.45033333,0.3838889,0.010055556,0.031888887
665,0.12377778,0.45038888,0.3838889,0.010055556,0.031888887
666,0.12377778,0.45027778,0.384,0.010055556,0.031888887
667,0.123722225,0.45027778,0.38405555,0.010055556,0.031888887
668,0.123722225,0.45022222,0.3841111,0.010055556,0.031888887
669,0.12361111,0.45011112,0.3842778,0.010111111,0.031888887
670,0.12361111,0.45005557,0.38433334,0.010055556,0.031944446
671,0.12361111,0.45,0.3843889,0.01,0.032
672,0.12361111,0.45,0.3843889,0.01,0.032
673,0.12361111,0.44994444,0.38444445,0.01,0.032
674,0.12361111,0.44994444,0.38444445,0.01,0.032
675,0.12361111,0.44988889,0.3845,0.01,0.032
676,0.12361111,0.44988889,0.3845,0.01,0.032
677,0.123555556,0.44994444,0.3845,0.01,0.032
