frame,zone1_ratio,zone2_ratio,zone3_ratio,zone4_ratio,zone5_ratio
1,0.85616666,0.14383334,0.0,0.0,0.0
2,0.846,0.152,0.002,0.0,0.0
3,0.8453889,0.14777778,0.0068333335,0.0,0.0
4,0.8453889,0.14672223,0.007888889,0.0,0.0
5,0.8453889,0.14605555,0.008555556,0.0,0.0
6,0.8453889,0.14577778,0.008833333,0.0,0.0
7,0.8453889,0.14544444,0.009166666,0.0,0.0
8,0.8453889,0.14494444,0.009666666,0.0,0.0
9,0.8453889,0.14444445,0.0101666665,0.0,0.0
10,0.84533334,0.14388889,0.010777778,0.0,0.0
11,0.8452778,0.14361112,0.011111111,0.0,0.0
12,0.8452778,0.14338888,0.011333333,0.0,0.0
13,0.8452778,0.14316666,0.011555555,0.0,0.0
14,0.8451667,0.14311111,0.011722222,0.0,0.0
15,0.8451667,0.14305556,0.011777778,0.0,0.0
16,0.8451667,0.143,0.011833333,0.0,0.0
17,0.8451667,0.14277777,0.012055555,0.0,0.0
18,0.8451667,0.14261112,0.012222222,0.0,0.0
19,0.8451667,0.14233333,0.0125,0.0,0.0
20,0.84511113,0.14205556,0.012833334,0.0,0.0
21,0.8450556,0.14205556,0.012888889,0.0,0.0
22,0.8449444,0.14194444,0.013111111,0.0,0.0
23,0.8449444,0.14194444,0.013111111,0.0,0.0
24,0.84488887,0.14183334,0.0132777775,0.0,0.0
25,0.84488887,0.14183334,0.0132777775,0.0,0.0
26,0.8448333,0.14172222,0.013444444,0.0,0.0
27,0.8446111,0.14194444,0.013444444,0.0,0.0
28,0.84455556,0.14183334,0.013611111,0.0,0.0
29,0.84455556,0.14172222,0.013722222,0.0,0.0
30,0.8445,0.14177778,0.013722222,0.0,0.0
31,0.84433335,0.14194444,0.013722222,0.0,0.0
32,0.84422225,0.14194444,0.013833334,0.0,0.0
33,0.8441667,0.14194444,0.013888889,0.0,0.0
34,0.8441667,0.14188889,0.013944444,0.0,0.0
35,0.8441111,0.14188889,0.014,0.0,0.0
36,0.84394443,0.14188889,0.014166667,0.0,0.0
37,0.8437778,0.142,0.014222222,0.0,0.0
38,0.8437778,0.14194444,0.014277778,0.0,0.0
39,0.8437222,0.14188889,0.014388889,0.0,0.0
40,0.8436667,0.14183334,0.0145,0.0,0.0
41,0.8436111,0.14188889,0.0145,0.0,0.0
42,0.8436111,0.14177778,0.014611111,0.0,0.0
43,0.8435,0.14188889,0.014611111,0.0,0.0
44,0.8433889,0.14194444,0.014666666,0.0,0.0
45,0.8433333,0.142,0.014666666,0.0,0.0
46,0.8432222,0.142,0.014777778,0.0,0.0
47,0.8431111,0.142,0.014888889,0.0,0.0
48,0.84305555,0.142,0.014944444,0.0,0.0
49,0.84305555,0.14188889,0.015055556,0.0,0.0
50,0.843,0.14188889,0.015111111,0.0,0.0
51,0.8428889,0.14177778,0.015333333,0.0,0.0
52,0.8428889,0.14172222,0.015388889,0.0,0.0
53,0.8427778,0.14177778,0.0154444445,0.0,0.0
54,0.84272224,0.14183334,0.0154444445,0.0,0.0
55,0.84261113,0.14194444,0.0154444445,0.0,0.0
56,0.8425,0.14194444,0.015555556,0.0,0.0
57,0.84238887,0.142,0.015611111,0.0,0.0
58,0.84238887,0.142,0.015611111,0.0,0.0
59,0.84238887,0.142,0.015611111,0.0,0.0
60,0.84227777,0.14211111,0.015611111,0.0,0.0
61,0.8422222,0.14211111,0.015666667,0.0,0.0
62,0.84216666,0.14211111,0.015722223,0.0,0.0
63,0.84205556,0.14222223,0.015722223,0.0,0.0
64,0.84205556,0.14222223,0.015722223,0.0,0.0
65,0.842,0.14227778,0.015722223,0.0,0.0
66,0.84194446,0.14222223,0.015833333,0.0,0.0
67,0.84166664,0.14233333,0.016,0.0,0.0
68,0.8415,0.14244445,0.016055556,0.0,0.0
69,0.8413333,0.14255555,0.016111111,0.0,0.0
70,0.8411667,0.1425,0.016277777,5.5555556E-5,0.0
71,0.8410556,0.14255555,0.016333334,5.5555556E-5,0.0
72,0.84094447,0.14266667,0.016277777,1.1111111E-4,0.0
73,0.84077775,0.14277777,0.016222222,1.6666666E-4,5.5555556E-5
74,0.8407222,0.14277777,0.016277777,1.6666666E-4,5.5555556E-5
75,0.8072778,0.17555556,0.016944444,1.1111111E-4,1.1111111E-4
76,0.7980555,0.16572222,0.035888888,2.2222222E-4,1.1111111E-4
77,0.7967778,0.15666667,0.045666665,6.6666666E-4,2.2222222E-4
78,0.7964444,0.155,0.047055557,7.7777775E-4,7.222222E-4
79,0.7962222,0.15438889,0.04788889,2.2222222E-4,0.0012777778
80,0.796,0.15411112,0.048333332,2.2222222E-4,0.0013333333
81,0.7951111,0.15472223,0.048611112,1.6666666E-4,0.0013888889
82,0.7945,0.15494445,0.049,1.6666666E-4,0.0013888889
83,0.7937222,0.15522222,0.0495,1.6666666E-4,0.0013888889
84,0.7927778,0.15566666,0.05,1.6666666E-4,0.0013888889
85,0.7915,0.15633333,0.050611112,1.6666666E-4,0.0013888889
86,0.7901111,0.15716666,0.051166665,1.6666666E-4,0.0013888889
87,0.78855556,0.15816666,0.05172222,1.6666666E-4,0.0013888889
88,0.78694445,0.15933333,0.052166667,1.6666666E-4,0.0013888889
89,0.7851667,0.16077778,0.0525,1.6666666E-4,0.0013888889
90,0.7841667,0.16138889,0.05288889,1.6666666E-4,0.0013888889
91,0.7825,0.16272222,0.053166665,2.2222222E-4,0.0013888889
92,0.7811667,0.16372222,0.0535,2.2222222E-4,0.0013888889
93,0.7788333,0.16572222,0.05372222,3.3333333E-4,0.0013888889
94,0.77727777,0.16716667,0.053777777,3.3333333E-4,0.0014444444
95,0.7756111,0.16855556,0.054,3.8888888E-4,0.0014444444
96,0.7742222,0.16955556,0.05438889,3.8888888E-4,0.0014444444
97,0.77255553,0.1711111,0.054444443,4.4444445E-4,0.0014444444
98,0.77066666,0.17261112,0.054833334,3.8888888E-4,0.0015
99,0.76816666,0.17466667,0.05522222,4.4444445E-4,0.0015
100,0.7655,0.177,0.055555556,4.4444445E-4,0.0015
101,0.76283336,0.17927778,0.055833332,5.5555557E-4,0.0015
102,0.76066667,0.181,0.056277778,5.5555557E-4,0.0015
103,0.7571667,0.18422222,0.056555554,5.5555557E-4,0.0015
104,0.7538889,0.18705556,0.057,5.0E-4,0.0015555555
105,0.75016665,0.19027779,0.057444446,5.0E-4,0.0016111111
106,0.74705553,0.19322222,0.05761111,4.4444445E-4,0.0016666667
107,0.7429444,0.19711111,0.057833333,4.4444445E-4,0.0016666667
108,0.7383889,0.2015,0.058,4.4444445E-4,0.0016666667
109,0.7321111,0.20716667,0.05861111,4.4444445E-4,0.0016666667
110,0.72616667,0.21272223,0.059,4.4444445E-4,0.0016666667
111,0.7200556,0.21844445,0.059388887,4.4444445E-4,0.0016666667
112,0.7148889,0.22294444,0.060055554,4.4444445E-4,0.0016666667
113,0.70933336,0.22844444,0.060111113,4.4444445E-4,0.0016666667
114,0.703,0.23411112,0.060777776,4.4444445E-4,0.0016666667
115,0.6981111,0.23844445,0.061333332,4.4444445E-4,0.0016666667
116,0.6918333,0.2443889,0.061666667,4.4444445E-4,0.0016666667
117,0.68405557,0.25177777,0.062055554,4.4444445E-4,0.0016666667
118,0.676,0.25883332,0.06305555,4.4444445E-4,0.0016666667
119,0.6691667,0.26511112,0.06361111,4.4444445E-4,0.0016666667
120,0.66183335,0.272,0.064055555,4.4444445E-4,0.0016666667
121,0.6542778,0.27894443,0.064666666,4.4444445E-4,0.0016666667
122,0.6457222,0.28683335,0.06533334,4.4444445E-4,0.0016666667
123,0.63688886,0.295,0.066,4.4444445E-4,0.0016666667
124,0.6285,0.3028889,0.0665,4.4444445E-4,0.0016666667
125,0.60955554,0.31972224,0.06861111,4.4444445E-4,0.0016666667
126,0.60544443,0.32305557,0.06938889,4.4444445E-4,0.0016666667
127,0.6036111,0.32444444,0.06983333,4.4444445E-4,0.0016666667
128,0.6028889,0.32455555,0.07044444,4.4444445E-4,0.0016666667
129,0.6015,0.32577777,0.07055555,5.0E-4,0.0016666667
130,0.6001111,0.327,0.07061111,6.111111E-4,0.0016666667
131,0.5990555,0.328,0.07066666,6.111111E-4,0.0016666667
132,0.59738886,0.3295,0.07077778,6.111111E-4,0.0017222222
133,0.5962778,0.33055556,0.07083333,6.111111E-4,0.0017222222
134,0.595,0.33177778,0.07088889,5.5555557E-4,0.0017777778
135,0.5938889,0.33283332,0.07094444,5.5555557E-4,0.0017777778
136,0.59283334,0.33383334,0.07094444,5.5555557E-4,0.0018333333
137,0.5917778,0.33483332,0.071,5.5555557E-4,0.0018333333
138,0.59094447,0.33555555,0.07111111,5.5555557E-4,0.0018333333
139,0.5900556,0.3363889,0.07111111,6.111111E-4,0.0018333333
140,0.5892222,0.33722222,0.071055554,6.6666666E-4,0.0018333333
141,0.5883333,0.33794445,0.071166664,6.6666666E-4,0.0018888889
142,0.5873889,0.33861113,0.07122222,8.3333335E-4,0.0019444445
143,0.5863889,0.3396111,0.07111111,7.7777775E-4,0.002111111
144,0.58533335,0.34066668,0.07111111,7.222222E-4,0.0021666666
145,0.5847222,0.34105554,0.071333334,6.6666666E-4,0.0022222223
146,0.5842222,0.34144443,0.071277775,7.7777775E-4,0.0022777778
147,0.58372223,0.34188887,0.071333334,7.7777775E-4,0.0022777778
148,0.58283335,0.34272224,0.071388885,6.6666666E-4,0.002388889
149,0.58255553,0.343,0.071388885,6.6666666E-4,0.002388889
150,0.58177775,0.34361112,0.0715,7.222222E-4,0.002388889
151,0.5812778,0.344,0.071555555,7.7777775E-4,0.002388889
152,0.58044446,0.34455556,0.071666665,8.3333335E-4,0.0025
153,0.5795556,0.3452778,0.071777776,8.3333335E-4,0.0025555557
154,0.5787778,0.34588888,0.071833335,8.3333335E-4,0.0026666666
155,0.5781111,0.34633332,0.071944445,8.888889E-4,0.0027222221
156,0.5775,0.34683332,0.071944445,0.001,0.0027222221
157,0.5769445,0.3472778,0.072055556,9.4444444E-4,0.0027777778
158,0.5762778,0.34783334,0.07216667,7.7777775E-4,0.0029444445
159,0.57566667,0.34833333,0.072222225,7.7777775E-4,0.003
160,0.57516664,0.34883332,0.072222225,7.7777775E-4,0.003
161,0.5747778,0.349,0.07244445,7.7777775E-4,0.003
162,0.5742222,0.34955555,0.07244445,7.7777775E-4,0.003
163,0.5737778,0.34994444,0.07244445,8.3333335E-4,0.003
164,0.5733333,0.35016668,0.07266667,8.3333335E-4,0.003
165,0.57283336,0.35055557,0.07277778,8.3333335E-4,0.003
166,0.57233334,0.35094443,0.07288889,8.3333335E-4,0.003
167,0.57166666,0.3515,0.073,8.3333335E-4,0.003
168,0.5712778,0.3518889,0.073,8.3333335E-4,0.003
169,0.5709444,0.35216665,0.07305556,8.3333335E-4,0.003
170,0.5706111,0.35244444,0.07311111,8.3333335E-4,0.003
171,0.5703889,0.3525,0.07327778,8.3333335E-4,0.003
172,0.57005554,0.35272223,0.07338889,8.3333335E-4,0.003
173,0.5694444,0.35311112,0.07355556,8.888889E-4,0.003
174,0.5691111,0.35338888,0.07361111,8.888889E-4,0.003
175,0.5687778,0.35366666,0.07361111,9.4444444E-4,0.003
176,0.5683889,0.35394445,0.07366667,0.001,0.003
177,0.5678889,0.3543889,0.07366667,0.0010555555,0.003
178,0.5676111,0.3546111,0.07372222,0.0010555555,0.003
179,0.56711113,0.355,0.07383333,0.001,0.0030555555
180,0.566,0.3558889,0.07405555,9.4444444E-4,0.003111111
181,0.56544447,0.3562222,0.07422222,0.001,0.003111111
182,0.56505555,0.35644445,0.07438889,0.001,0.003111111
183,0.5647778,0.35655555,0.07455555,9.4444444E-4,0.0031666667
184,0.5643333,0.3568889,0.074666664,9.4444444E-4,0.0031666667
185,0.5637778,0.35727778,0.074777775,0.001,0.0031666667
186,0.56333333,0.35761112,0.07488889,0.001,0.0031666667
187,0.56277776,0.35805556,0.075,0.001,0.0031666667
188,0.56244445,0.35827777,0.07511111,0.001,0.0031666667
189,0.562,0.35866666,0.075166665,0.001,0.0031666667
190,0.56155556,0.3591111,0.075166665,0.001,0.0031666667
191,0.5611111,0.3593889,0.075333335,0.001,0.0031666667
192,0.5606667,0.35977778,0.075388886,0.001,0.0031666667
193,0.5601111,0.36016667,0.075555556,0.001,0.0031666667
194,0.5597778,0.36044446,0.075611115,9.4444444E-4,0.0032222222
195,0.5592778,0.3608889,0.075666666,9.4444444E-4,0.0032222222
196,0.5591111,0.3608889,0.075833336,9.4444444E-4,0.0032222222
197,0.5585,0.3613889,0.075833336,0.0010555555,0.0032222222
198,0.5581667,0.3615,0.07605556,0.0010555555,0.0032222222
199,0.55777776,0.36177778,0.07611111,0.0010555555,0.0032777777
200,0.52977777,0.38177776,0.08388889,0.0012222222,0.0033333334
201,0.5193889,0.3861111,0.089666665,0.0013333333,0.0035
202,0.5078889,0.39372224,0.093444444,0.0013333333,0.003611111
203,0.49333334,0.40572223,0.09588889,0.0013333333,0.0037222223
204,0.47788888,0.41894445,0.09788889,0.0015555555,0.0037222223
205,0.46388888,0.4307778,0.1,0.0014444444,0.003888889
206,0.45055556,0.4421111,0.101722226,0.0016666667,0.0039444445
207,0.4372222,0.45322222,0.10366666,0.0018333333,0.0040555554
208,0.4245,0.46444446,0.104888886,0.0018888889,0.004277778
209,0.4138889,0.47388887,0.10577778,0.0017777778,0.0046666665
210,0.40477777,0.48127776,0.10744444,0.0016666667,0.004833333
211,0.39616665,0.4885,0.108666666,0.0017777778,0.004888889
212,0.38755557,0.496,0.10977778,0.0017222222,0.0049444446
213,0.37905556,0.503,0.11122222,0.0017222222,0.005
214,0.37127778,0.5095556,0.11238889,0.0017777778,0.005
215,0.36333334,0.5163889,0.1135,0.0017222222,0.0050555556
216,0.3562222,0.5222778,0.11466666,0.0016666667,0.0051666666
217,0.34894446,0.528,0.116111115,0.0017222222,0.0052222223
218,0.34316668,0.5325,0.11727778,0.0017222222,0.0053333333
219,0.3375,0.5362222,0.119055554,0.0018333333,0.005388889
220,0.33272222,0.5400556,0.11988889,0.0016666667,0.0056666667
221,0.327,0.54505557,0.12055556,0.0016666667,0.0057222224
222,0.32194445,0.5490556,0.12133333,0.0018888889,0.0057777776
223,0.3168889,0.5533889,0.122,0.0018333333,0.005888889
224,0.31283334,0.55694443,0.12244444,0.0018333333,0.0059444443
225,0.3081111,0.56072223,0.123222224,0.002,0.0059444443
226,0.30472222,0.563,0.12427778,0.0019444445,0.006055556
227,0.3013889,0.5655556,0.12494444,0.002,0.006111111
228,0.29738888,0.5687778,0.12555556,0.002111111,0.0061666667
229,0.29433334,0.5709444,0.12638889,0.0019444445,0.0063888887
230,0.29033333,0.57372224,0.12733333,0.0022222223,0.0063888887
231,0.28705555,0.57611114,0.12783334,0.0025555557,0.0064444444
232,0.28427777,0.578,0.12866667,0.0025,0.0065555554
233,0.28166667,0.5798889,0.12933333,0.0025,0.006611111
234,0.27927777,0.5817222,0.12988889,0.0025,0.006611111
235,0.27716666,0.5831111,0.1306111,0.0025,0.006611111
236,0.27483332,0.5848333,0.13111112,0.0026111112,0.006611111
237,0.2725,0.586,0.132,0.0028333333,0.006666667
238,0.27027777,0.5876667,0.13244444,0.0027222221,0.006888889
239,0.26872224,0.5884445,0.13305555,0.0028333333,0.0069444445
240,0.26694444,0.58944446,0.13372222,0.0028888888,0.007
241,0.26516667,0.5903889,0.13455555,0.0028888888,0.007
242,0.26383334,0.5912778,0.13488889,0.003,0.007
243,0.26244444,0.59183335,0.13561112,0.003111111,0.007
244,0.26077777,0.59294444,0.13616666,0.0030555555,0.0070555555
245,0.25933334,0.59344447,0.13672222,0.0034444444,0.0070555555
246,0.25838888,0.5938333,0.13722222,0.0034444444,0.007111111
247,0.2567222,0.5949444,0.13772222,0.0034444444,0.0071666664
248,0.25561112,0.5951667,0.13861111,0.0034444444,0.0071666664
249,0.25405556,0.5962778,0.1388889,0.003611111,0.0071666664
250,0.25183332,0.5961111,0.141,0.003888889,0.0071666664
251,0.25066668,0.5964444,0.14166667,0.004,0.007222222
252,0.25055555,0.5961667,0.14194444,0.004,0.007333333
253,0.25005555,0.5962222,0.14216666,0.004166667,0.007388889
254,0.24955556,0.59655553,0.14227778,0.004111111,0.0075
255,0.24927777,0.5966667,0.14222223,0.004333333,0.0075
256,0.24916667,0.5966111,0.14233333,0.004222222,0.0076666665
257,0.24883333,0.5966667,0.14255555,0.004277778,0.0076666665
258,0.24827778,0.59716666,0.14244445,0.004388889,0.0077222222
259,0.24805556,0.59727776,0.14244445,0.004388889,0.007833334
260,0.2476111,0.5976667,0.1425,0.004333333,0.007888889
261,0.2475,0.59772223,0.14255555,0.004277778,0.007944444
262,0.24722221,0.5978889,0.14266667,0.004222222,0.008
263,0.24694444,0.59816664,0.1425,0.004388889,0.008
264,0.24666667,0.5982778,0.14261112,0.004388889,0.008055556
265,0.24633333,0.59855556,0.14266667,0.004388889,0.008055556
266,0.24605556,0.5988333,0.14255555,0.0045,0.008055556
267,0.24572222,0.59911114,0.14261112,0.0044444446,0.008111111
268,0.2453889,0.59933335,0.14272222,0.0044444446,0.008111111
269,0.24522223,0.5995,0.14272222,0.0044444446,0.008111111
270,0.24494444,0.5993889,0.14305556,0.0045,0.008111111
271,0.24477778,0.59955555,0.14305556,0.0045,0.008111111
272,0.24444444,0.59966666,0.14327778,0.0044444446,0.008166667
273,0.24422222,0.5998333,0.14333333,0.0044444446,0.008166667
274,0.24394445,0.5998333,0.14361112,0.004388889,0.008222222
275,0.24372222,0.6,0.14366667,0.004388889,0.008222222
276,0.24333334,0.6003889,0.14366667,0.004333333,0.008277778
277,0.24316667,0.6005,0.14366667,0.004388889,0.008277778
278,0.24288888,0.6007778,0.14366667,0.004388889,0.008277778
279,0.24233334,0.60116667,0.14383334,0.004388889,0.008277778
280,0.24216667,0.6012222,0.14394444,0.004388889,0.008277778
281,0.2418889,0.6015,0.14383334,0.0045,0.008277778
282,0.24166666,0.6013889,0.14416666,0.0044444446,0.008333334
283,0.24144444,0.6015555,0.14416666,0.0045,0.008333334
284,0.24116667,0.6017778,0.14416666,0.0045555555,0.008333334
285,0.24105555,0.6018889,0.14416666,0.0044444446,0.008444444
286,0.24077778,0.6021111,0.14416666,0.0045,0.008444444
287,0.2405,0.6023889,0.14416666,0.0045,0.008444444
288,0.24011111,0.6026667,0.14422221,0.0045555555,0.008444444
289,0.24,0.6026667,0.14422221,0.0046666665,0.008444444
290,0.23983334,0.60283333,0.14422221,0.0046111112,0.0085
291,0.23938888,0.60305554,0.14444445,0.0045,0.008611111
292,0.23905556,0.6032778,0.14455555,0.0045,0.008611111
293,0.23883334,0.6033889,0.1446111,0.0045555555,0.008611111
294,0.2385,0.60366666,0.1446111,0.0045555555,0.008666666
295,0.23833333,0.60377777,0.14466667,0.0045555555,0.008666666
296,0.23783334,0.6042778,0.1446111,0.0045555555,0.008722222
297,0.23744445,0.60455555,0.14466667,0.0045555555,0.008777778
298,0.23733333,0.6046111,0.1446111,0.0045,0.008944444
299,0.23688889,0.60494447,0.14472222,0.0044444446,0.009
300,0.23683333,0.605,0.14466667,0.0045,0.009
301,0.23644444,0.6053889,0.14466667,0.0044444446,0.009055556
302,0.23627777,0.6055,0.1446111,0.0045555555,0.009055556
303,0.236,0.60555553,0.14483333,0.0045555555,0.009055556
304,0.23566666,0.60583335,0.14472222,0.004722222,0.009055556
305,0.23538889,0.60605556,0.14477777,0.004722222,0.009055556
306,0.23511112,0.60627776,0.14483333,0.004722222,0.009055556
307,0.23472223,0.6066667,0.14483333,0.004722222,0.009055556
308,0.23427778,0.607,0.14494444,0.0046666665,0.009111111
309,0.23394445,0.60733336,0.14494444,0.0046666665,0.009111111
310,0.2336111,0.60755557,0.145,0.004722222,0.009111111
311,0.23305556,0.6081111,0.14494444,0.0046666665,0.0092222225
312,0.2326111,0.60855556,0.14494444,0.0046666665,0.0092222225
313,0.23222223,0.6089444,0.14494444,0.0046111112,0.009277778
314,0.23183334,0.6092778,0.145,0.0046111112,0.009277778
315,0.23138888,0.60955554,0.14516667,0.0045555555,0.009333333
316,0.23094444,0.60994446,0.14522222,0.0045555555,0.009333333
317,0.23044445,0.6101111,0.14538889,0.004722222,0.009333333
318,0.22966667,0.6108889,0.14538889,0.004722222,0.009333333
319,0.22922222,0.61116666,0.1455,0.004777778,0.009333333
320,0.22872223,0.6116667,0.14544444,0.004833333,0.009333333
321,0.22833334,0.61194444,0.14555556,0.004777778,0.009388889
322,0.228,0.61205554,0.14572223,0.004833333,0.009388889
323,0.2275,0.61255556,0.14572223,0.004833333,0.009388889
324,0.22705555,0.613,0.14572223,0.004833333,0.009388889
325,0.223,0.60433334,0.15794444,0.0051111113,0.009611111
326,0.2215,0.60161114,0.16216667,0.004888889,0.009833333
327,0.2165,0.60366666,0.16494444,0.0049444446,0.0099444445
328,0.21422222,0.60366666,0.16705556,0.005,0.010055556
329,0.21105556,0.60305554,0.17077778,0.0049444446,0.0101666665
330,0.20933333,0.6005,0.17505555,0.004833333,0.010277778
331,0.20694445,0.5989444,0.179,0.004833333,0.010277778
332,0.20511112,0.5966111,0.18294445,0.005,0.010333333
333,0.20344445,0.59522223,0.18577778,0.0051666666,0.010388889
334,0.20227778,0.59272224,0.18933333,0.0052222223,0.010444445
335,0.20127778,0.5913889,0.19144444,0.0053333333,0.010555555
336,0.1995,0.59022224,0.19433333,0.005388889,0.010555555
337,0.19838889,0.5886111,0.197,0.0054444443,0.010555555
338,0.1975,0.58727777,0.19883333,0.0057777776,0.010611111
339,0.19683333,0.58555555,0.20105556,0.0056666667,0.0108888885
340,0.19588889,0.5836667,0.20383333,0.0057222224,0.0108888885
341,0.19494444,0.5822778,0.20611112,0.0057777776,0.0108888885
342,0.19433333,0.5806111,0.2081111,0.006,0.010944445
343,0.19361112,0.57927775,0.21011111,0.006055556,0.010944445
344,0.19288889,0.5772778,0.21277778,0.006111111,0.010944445
345,0.19205555,0.57533336,0.21555555,0.006111111,0.010944445
346,0.19127777,0.5735,0.218,0.0061666667,0.011055555
347,0.19027779,0.5725,0.21994445,0.006222222,0.011055555
348,0.19,0.5706667,0.22188888,0.006222222,0.011222222
349,0.189,0.5694444,0.22394444,0.0062777777,0.011333333
350,0.18827778,0.5687778,0.22533333,0.0062777777,0.011333333
351,0.18783334,0.56766665,0.2268889,0.0062777777,0.011333333
352,0.18761112,0.5662778,0.2285,0.0062777777,0.011333333
353,0.18722223,0.5652222,0.22994444,0.0062777777,0.011333333
354,0.18677777,0.5638889,0.23155555,0.0063333334,0.011444445
355,0.18627778,0.5629445,0.233,0.0062777777,0.0115
356,0.186,0.5613889,0.23461111,0.0065,0.0115
357,0.18555556,0.5606667,0.23577778,0.0065,0.0115
358,0.18488888,0.56005555,0.23677778,0.006666667,0.011611111
359,0.18444444,0.55883336,0.2383889,0.006722222,0.011611111
360,0.18372223,0.5586111,0.23916666,0.006777778,0.011722222
361,0.18322222,0.558,0.24022222,0.006722222,0.011833333
362,0.18277778,0.55766666,0.2408889,0.0068333335,0.011833333
363,0.18216667,0.55705553,0.24211112,0.0068333335,0.011833333
364,0.18155555,0.5566667,0.24305555,0.006777778,0.011944445
365,0.18116666,0.55633336,0.24377778,0.006777778,0.011944445
366,0.18077777,0.55561113,0.24488889,0.006611111,0.012111112
367,0.18005556,0.5556667,0.2453889,0.006777778,0.012111112
368,0.17944445,0.5553333,0.24627778,0.006777778,0.012166667
369,0.17916666,0.55455554,0.24716666,0.006888889,0.012222222
370,0.1785,0.5543333,0.248,0.0069444445,0.012222222
371,0.17794445,0.5543333,0.24844444,0.0069444445,0.0123333335
372,0.17772222,0.554,0.24877778,0.0070555555,0.012444444
373,0.17738889,0.5538333,0.24927777,0.006888889,0.012611111
374,0.1771111,0.55311114,0.25016665,0.0068333335,0.012777777
375,0.17544444,0.55244446,0.2523889,0.006722222,0.013
376,0.17505555,0.55233335,0.2528889,0.006722222,0.013
377,0.1746111,0.5525,0.25316668,0.006666667,0.0130555555
378,0.17455555,0.5522778,0.25305554,0.0068333335,0.0132777775
379,0.17455555,0.55183333,0.2535,0.006777778,0.013333334
380,0.17438889,0.552,0.2535,0.006777778,0.013333334
381,0.17416666,0.55205554,0.2535,0.006722222,0.013555556
382,0.17405556,0.55216664,0.25344443,0.006777778,0.013555556
383,0.17405556,0.55194443,0.25366667,0.006777778,0.013555556
384,0.17388889,0.55183333,0.25383332,0.006611111,0.013833334
385,0.17372222,0.55194443,0.25388888,0.006611111,0.013833334
386,0.17372222,0.5517778,0.25405556,0.006611111,0.013833334
387,0.17355555,0.5515556,0.25433335,0.0065555554,0.014
388,0.17355555,0.55138886,0.2543889,0.006666667,0.014
389,0.17344445,0.5512222,0.25466666,0.006666667,0.014
390,0.17344445,0.5511111,0.25466666,0.006722222,0.014055556
391,0.17316666,0.5513333,0.25466666,0.006777778,0.014055556
392,0.17311111,0.55127776,0.25466666,0.006777778,0.014166667
393,0.17305556,0.5513333,0.25455555,0.006777778,0.014277778
394,0.17283334,0.5515556,0.25444445,0.0068333335,0.014333333
395,0.17261112,0.5516111,0.25444445,0.0069444445,0.014388889
396,0.17261112,0.5516111,0.2543889,0.007,0.014388889
397,0.17244445,0.5516111,0.2545,0.007,0.014444444
398,0.17238888,0.5515556,0.25455555,0.0068333335,0.014666666
399,0.17227778,0.5516111,0.2545,0.006777778,0.014833333
400,0.17227778,0.5513333,0.2547778,0.006777778,0.014833333
401,0.17216666,0.55138886,0.25483334,0.006722222,0.014888889
402,0.17205556,0.55138886,0.2547778,0.0068333335,0.014944444
403,0.17183334,0.5513333,0.255,0.0068333335,0.015
404,0.17172222,0.5513333,0.2551111,0.0068333335,0.015
405,0.17161112,0.5513333,0.2548889,0.007111111,0.015055556
406,0.17161112,0.55127776,0.2548889,0.007,0.015222223
407,0.17155555,0.5512222,0.25494444,0.0069444445,0.015333333
408,0.17155555,0.5511111,0.25483334,0.006888889,0.015611111
409,0.17127778,0.5513333,0.25483334,0.0069444445,0.015611111
410,0.17094444,0.5515556,0.25494444,0.0069444445,0.015611111
411,0.17088889,0.5515556,0.25494444,0.0068333335,0.015777778
412,0.17077778,0.5515556,0.25505555,0.006777778,0.015833333
413,0.17066666,0.5516667,0.25494444,0.006888889,0.015833333
414,0.17066666,0.5516111,0.255,0.006888889,0.015833333
415,0.17055556,0.5516667,0.25494444,0.0068333335,0.016
416,0.17055556,0.5515,0.25505555,0.006888889,0.016
417,0.1705,0.5515,0.2551111,0.006777778,0.016111111
418,0.17033334,0.5516111,0.2551111,0.0068333335,0.016111111
419,0.17022222,0.5517222,0.25505555,0.006888889,0.016111111
420,0.17,0.55194443,0.25505555,0.006888889,0.016111111
421,0.16988888,0.55205554,0.255,0.0069444445,0.016111111
422,0.16977778,0.55216664,0.255,0.0069444445,0.016111111
423,0.16955556,0.5523889,0.25494444,0.007,0.016111111
424,0.16938889,0.55255556,0.25494444,0.007,0.016111111
425,0.16927777,0.5526111,0.2548889,0.007111111,0.016111111
426,0.16927777,0.5526111,0.25483334,0.007111111,0.016166667
427,0.16922222,0.55255556,0.25494444,0.007111111,0.016166667
428,0.16911112,0.5525,0.25505555,0.0071666664,0.016166667
429,0.16905555,0.5522778,0.2551111,0.007388889,0.016166667
430,0.169,0.5522778,0.25516668,0.007388889,0.016166667
431,0.16894445,0.5522778,0.2551111,0.0075,0.016166667
432,0.16861111,0.5523889,0.25527778,0.0075555556,0.016166667
433,0.16822222,0.5526111,0.2553889,0.0075,0.016277777
434,0.16811112,0.55266666,0.2553889,0.0075555556,0.016277777
435,0.16794445,0.5527222,0.25544444,0.0075555556,0.016333334
436,0.1678889,0.5527222,0.25544444,0.0076111113,0.016333334
437,0.1676111,0.5528889,0.25555557,0.0075555556,0.01638889
438,0.16744444,0.5528889,0.25561112,0.0076666665,0.01638889
439,0.16716667,0.5531667,0.25561112,0.0076111113,0.016444445
440,0.167,0.55333334,0.25561112,0.0076111113,0.016444445
441,0.1668889,0.5532778,0.25577778,0.0076111113,0.016444445
442,0.1666111,0.5535,0.25566667,0.007777778,0.016444445
443,0.1665,0.55333334,0.25594443,0.0076666665,0.016555555
444,0.16633333,0.55333334,0.25605556,0.0076666665,0.01661111
445,0.16633333,0.5532778,0.25611112,0.0076666665,0.01661111
446,0.16633333,0.55311114,0.25627777,0.0076666665,0.01661111
447,0.16627778,0.55311114,0.25633332,0.0076111113,0.016666668
448,0.16616666,0.55322224,0.25633332,0.0076111113,0.016666668
449,0.16605556,0.5532778,0.25622222,0.0077222222,0.016722223
450,0.16483334,0.5453889,0.26483333,0.008111111,0.016833333
451,0.16427778,0.54127777,0.26938888,0.007777778,0.017277777
452,0.16183333,0.5417778,0.27133334,0.0076666665,0.01738889
453,0.16061111,0.54116666,0.2731111,0.0077222222,0.01738889
454,0.1596111,0.5403889,0.2748889,0.0076666665,0.017444445
455,0.15872222,0.53933334,0.27677777,0.0077222222,0.017444445
456,0.15766667,0.5389444,0.27822223,0.0077222222,0.017444445
457,0.15727778,0.5367778,0.28077778,0.0077222222,0.017444445
458,0.1561111,0.5362222,0.2825,0.0076111113,0.017555555
459,0.15566666,0.53522223,0.28388888,0.0076111113,0.01761111
460,0.1551111,0.5352778,0.2843889,0.0076111113,0.01761111
461,0.15444444,0.5351667,0.28516668,0.0076111113,0.01761111
462,0.15411112,0.5343889,0.28627777,0.0075555556,0.017666666
463,0.15383333,0.5338889,0.2868889,0.0075555556,0.017833333
464,0.15344444,0.53327775,0.28788888,0.0075555556,0.017833333
465,0.15305555,0.53227776,0.2891111,0.0077222222,0.017833333
466,0.15255556,0.53155553,0.29027778,0.0076666665,0.017944444
467,0.15205556,0.5306111,0.2917222,0.0076111113,0.018
468,0.15166667,0.52988887,0.29272223,0.0076111113,0.018111112
469,0.15138888,0.5282222,0.29455554,0.0075555556,0.018277777
470,0.15094444,0.5267778,0.2962778,0.0075,0.0185
471,0.15072222,0.5257222,0.2975,0.0075555556,0.0185
472,0.15061112,0.52466667,0.29833335,0.007833334,0.018555555
473,0.15033333,0.5241111,0.29916668,0.007777778,0.01861111
474,0.15016666,0.5232222,0.30005556,0.007944444,0.01861111
475,0.15,0.5222222,0.30105555,0.007888889,0.018833334
476,0.14977778,0.52055556,0.3028889,0.007777778,0.019
477,0.1495,0.5196667,0.30405554,0.0076666665,0.019111112
478,0.14916667,0.51944447,0.30444443,0.007777778,0.019166667
479,0.14872222,0.51872224,0.3056111,0.007777778,0.019166667
480,0.14844444,0.51827776,0.30616668,0.007944444,0.019166667
481,0.1481111,0.5178889,0.30683333,0.007888889,0.019277778
482,0.14788888,0.5171111,0.30783334,0.007888889,0.019277778
483,0.14761111,0.5163889,0.30861112,0.008111111,0.019277778
484,0.14722222,0.51555556,0.30977777,0.008055556,0.019388888
485,0.14677778,0.5151111,0.31066668,0.008055556,0.019388888
486,0.1465,0.5145,0.31133333,0.008277778,0.019388888
487,0.14611112,0.51394445,0.3122222,0.008333334,0.019388888
488,0.1458889,0.5135555,0.31272224,0.008444444,0.019388888
489,0.14572223,0.5133333,0.313,0.0085,0.019444445
490,0.1456111,0.5128889,0.31344444,0.008444444,0.01961111
491,0.14544444,0.51244444,0.31394446,0.0085,0.019666666
492,0.14527778,0.5118333,0.3147222,0.008444444,0.019722221
493,0.14494444,0.51111114,0.3153889,0.008833333,0.019722221
494,0.1446111,0.5107778,0.316,0.008833333,0.019777779
495,0.14438888,0.5103889,0.31655556,0.008777778,0.019888889
496,0.14422221,0.5098889,0.31716666,0.008833333,0.019888889
497,0.144,0.5097778,0.3175,0.008777778,0.019944444
498,0.14394444,0.5094444,0.31783333,0.008833333,0.019944444
499,0.14361112,0.50905555,0.31822222,0.009055556,0.020055555
500,0.14277777,0.50883335,0.3191111,0.009111111,0.020166667
501,0.14211111,0.509,0.31944445,0.0092222225,0.020222222
502,0.14205556,0.5088889,0.3196111,0.009055556,0.020388888
503,0.142,0.50872225,0.31972224,0.009111111,0.020444445
504,0.14183334,0.50883335,0.3197778,0.009055556,0.0205
505,0.14177778,0.50872225,0.31994444,0.008888889,0.020666666
506,0.14166667,0.5087778,0.3198889,0.009,0.020666666
507,0.14161111,0.50883335,0.31983334,0.008611111,0.02111111
508,0.14161111,0.5087778,0.3198889,0.008444444,0.021277778
509,0.14144444,0.5088889,0.31994444,0.008444444,0.021277778
510,0.1413889,0.5087778,0.32,0.008111111,0.021722222
511,0.14122222,0.5085,0.32033333,0.008222222,0.021722222
512,0.14122222,0.5084444,0.32038888,0.008222222,0.021722222
513,0.14122222,0.5082222,0.32038888,0.008277778,0.02188889
514,0.14122222,0.5081667,0.32038888,0.008333334,0.02188889
515,0.14122222,0.50805557,0.3205,0.008333334,0.02188889
516,0.14122222,0.50805557,0.32038888,0.008111111,0.022222223
517,0.1411111,0.50805557,0.3205,0.008055556,0.022277778
518,0.14094445,0.5081667,0.32055557,0.008055556,0.022277778
519,0.14083333,0.5078889,0.32077777,0.008055556,0.022444444
520,0.14083333,0.5078889,0.32072222,0.008111111,0.022444444
521,0.14072222,0.508,0.32072222,0.008055556,0.0225
522,0.14066666,0.50805557,0.32072222,0.008055556,0.0225
523,0.14061111,0.50805557,0.32072222,0.008055556,0.022555556
524,0.1405,0.50805557,0.32027778,0.0085,0.022666667
525,0.1405,0.50794446,0.32038888,0.0085,0.022666667
526,0.1405,0.5078889,0.32044443,0.0085,0.022666667
527,0.1405,0.50783336,0.3205,0.0085,0.022666667
528,0.14044444,0.50783336,0.32044443,0.008611111,0.022666667
529,0.14038889,0.5078889,0.32044443,0.008611111,0.022666667
530,0.14027777,0.50794446,0.3205,0.008611111,0.022666667
531,0.14022222,0.508,0.3205,0.008555556,0.022722222
532,0.14016667,0.50794446,0.32055557,0.0085,0.022833332
533,0.14016667,0.5078889,0.32061112,0.0085,0.022833332
534,0.14016667,0.50777775,0.32066667,0.0085,0.02288889
535,0.14016667,0.5077222,0.32066667,0.008555556,0.02288889
536,0.14011112,0.50766665,0.32072222,0.008611111,0.02288889
537,0.14011112,0.50755554,0.32066667,0.008777778,0.02288889
538,0.14011112,0.5075,0.32072222,0.008777778,0.02288889
539,0.14011112,0.5072778,0.32088888,0.008722222,0.023
540,0.14011112,0.50722224,0.32094446,0.008666666,0.023055555
541,0.14,0.50733334,0.32088888,0.008722222,0.023055555
542,0.13994445,0.5073889,0.32088888,0.008722222,0.023055555
543,0.13988888,0.50744444,0.32077777,0.008833333,0.023055555
544,0.13988888,0.5073889,0.32083333,0.008833333,0.023055555
545,0.13983333,0.5073889,0.32066667,0.009,0.02311111
546,0.13983333,0.50733334,0.32066667,0.009,0.023166666
547,0.13972223,0.50733334,0.32066667,0.009055556,0.023222223
548,0.13966666,0.50733334,0.32055557,0.009166666,0.023277778
549,0.13966666,0.5072778,0.32061112,0.009166666,0.023277778
550,0.13961111,0.5072778,0.32022223,0.009277778,0.023611112
551,0.13961111,0.5070556,0.32044443,0.009277778,0.023611112
552,0.1395,0.507,0.32055557,0.009333333,0.023611112
553,0.1395,0.507,0.3205,0.009388889,0.023611112
554,0.13933334,0.50711113,0.32055557,0.009388889,0.023611112
555,0.13916667,0.507,0.32083333,0.009111111,0.02388889
556,0.13905555,0.507,0.32094446,0.009,0.024
557,0.1388889,0.507,0.32105556,0.009055556,0.024
558,0.13866666,0.50711113,0.32116666,0.009055556,0.024
559,0.13844444,0.5071667,0.32133332,0.009055556,0.024
560,0.13833334,0.5070556,0.32155555,0.009,0.024055555
561,0.13827778,0.507,0.3216111,0.009,0.02411111
562,0.13827778,0.5069444,0.32166666,0.008944444,0.024166666
563,0.13816667,0.507,0.3217222,0.008888889,0.024222223
564,0.13816667,0.5069444,0.3217778,0.008888889,0.024222223
565,0.138,0.507,0.3218889,0.008888889,0.024222223
566,0.1378889,0.507,0.32194445,0.008777778,0.024388889
567,0.13777778,0.5068333,0.32216668,0.008833333,0.024388889
568,0.13766667,0.5066111,0.32244444,0.008833333,0.024444444
569,0.1375,0.50666666,0.32255554,0.008833333,0.024444444
570,0.13738889,0.50666666,0.32261112,0.008833333,0.0245
571,0.13733333,0.50655556,0.32277778,0.008777778,0.024555556
572,0.13733333,0.50633335,0.323,0.008722222,0.024611112
573,0.13716666,0.50622225,0.32327777,0.008722222,0.024611112
574,0.13716666,0.5061111,0.32338887,0.008666666,0.024666667
575,0.1366111,0.4985,0.33122224,0.008666666,0.025
576,0.1365,0.49505556,0.33477777,0.0085,0.025166666
577,0.13561112,0.49433333,0.33633333,0.008388889,0.025333334
578,0.13544445,0.4935,0.33733332,0.008388889,0.025333334
579,0.13488889,0.49322224,0.33816665,0.008388889,0.025333334
580,0.13427778,0.4927222,0.33922222,0.008277778,0.0255
581,0.13394445,0.49122223,0.34105554,0.008166667,0.025611112
582,0.13383333,0.49016666,0.34177777,0.008611111,0.025611112
583,0.13361111,0.4895,0.3425,0.008722222,0.025666667
584,0.13338889,0.48883334,0.34327778,0.008833333,0.025666667
585,0.13316667,0.4885,0.34366667,0.008777778,0.025888888
586,0.13288888,0.4878889,0.3445,0.008777778,0.025944445
587,0.13255556,0.48777777,0.34494445,0.008777778,0.025944445
588,0.13211112,0.48716667,0.34583333,0.008833333,0.026055556
589,0.13172223,0.4862778,0.34672222,0.0092222225,0.026055556
590,0.13144444,0.48577777,0.3471111,0.009444444,0.026222222
591,0.13133334,0.4843889,0.34822223,0.009722223,0.026333334
592,0.13105555,0.4837222,0.34877777,0.01,0.026444444
593,0.13072222,0.48288888,0.3496111,0.010222223,0.026555555
594,0.13055556,0.48205554,0.3505,0.010277778,0.02661111
595,0.13055556,0.48077777,0.3517778,0.010277778,0.02661111
596,0.13044444,0.47983333,0.35283333,0.010277778,0.02661111
597,0.13022222,0.4792222,0.35355556,0.010277778,0.026722223
598,0.12988889,0.47855556,0.35416666,0.0105,0.026888888
599,0.12955555,0.47777778,0.35511112,0.0105,0.027055556
600,0.12938888,0.47683334,0.3562222,0.010388889,0.027166666
601,0.12927778,0.47655556,0.3566111,0.010333333,0.027222222
602,0.12905556,0.47566667,0.35772222,0.010277778,0.027277777
603,0.129,0.47466666,0.3587778,0.010277778,0.027277777
604,0.12883334,0.4742222,0.35933334,0.010333333,0.027277777
605,0.12861112,0.47361112,0.36016667,0.010333333,0.027277777
606,0.12833333,0.47338888,0.36066666,0.010333333,0.027277777
607,0.12811111,0.473,0.3612778,0.010333333,0.027277777
608,0.12788889,0.4728889,0.3615,0.010388889,0.027333334
609,0.12772222,0.4723889,0.36216667,0.010388889,0.027333334
610,0.12761112,0.4721111,0.36255556,0.010388889,0.027333334
611,0.12744445,0.47166666,0.36316666,0.010388889,0.027333334
612,0.12733333,0.47138888,0.36355555,0.010388889,0.027333334
613,0.12722223,0.47094443,0.36405554,0.010222223,0.027555555
614,0.12716667,0.47066668,0.36438888,0.010111111,0.027666667
615,0.12694444,0.47072223,0.36444443,0.010055556,0.027833333
616,0.12683333,0.4701111,0.36516666,0.01,0.027888888
617,0.12666667,0.4698889,0.36555555,0.01,0.027888888
618,0.12655556,0.46966666,0.36583334,0.01,0.027944444
619,0.12655556,0.46944445,0.36605555,0.01,0.027944444
620,0.12638889,0.46944445,0.36622223,0.009888889,0.028055556
621,0.12616667,0.46944445,0.36644444,0.009833333,0.028111111
622,0.126,0.46916667,0.36688888,0.009833333,0.028111111
623,0.12588888,0.469,0.36716667,0.009833333,0.028111111
624,0.12588888,0.46877778,0.36738887,0.009666666,0.028277777
625,0.12511112,0.46888888,0.36794445,0.009722223,0.028333334
626,0.12483333,0.46905556,0.36777776,0.009888889,0.028444445
627,0.12472222,0.46905556,0.3678889,0.009888889,0.028444445
628,0.12466667,0.4691111,0.36783335,0.0099444445,0.028444445
629,0.12461111,0.46905556,0.36794445,0.009888889,0.0285
630,0.12461111,0.46894443,0.36805555,0.009777778,0.02861111
631,0.12455556,0.469,0.3678889,0.0099444445,0.02861111
632,0.12455556,0.469,0.3678889,0.0099444445,0.02861111
633,0.1245,0.469,0.3678889,0.01,0.02861111
634,0.1245,0.46888888,0.36794445,0.010055556,0.02861111
635,0.12444445,0.46883333,0.36805555,0.01,0.028666666
636,0.12444445,0.46877778,0.3681111,0.01,0.028666666
637,0.12438889,0.46883333,0.3681111,0.01,0.028666666
638,0.12433334,0.46883333,0.36816666,0.0099444445,0.028722223
639,0.12433334,0.46883333,0.36805555,0.009833333,0.028944444
640,0.12433334,0.46883333,0.368,0.009888889,0.028944444
641,0.12427778,0.46888888,0.368,0.009888889,0.028944444
642,0.12422222,0.46877778,0.36816666,0.009833333,0.029
643,0.12422222,0.46872222,0.36805555,0.0099444445,0.029055556
644,0.12422222,0.46855557,0.36816666,0.0099444445,0.029111112
645,0.12422222,0.46844444,0.3682778,0.009888889,0.029166667
646,0.12416667,0.46844444,0.36822224,0.0099444445,0.029222222
647,0.12416667,0.4683889,0.36822224,0.0099444445,0.029277777
648,0.12411111,0.46844444,0.36822224,0.009833333,0.02938889
649,0.12411111,0.46844444,0.36822224,0.009833333,0.02938889
650,0.12405556,0.46844444,0.3682778,0.009777778,0.029444445
651,0.12405556,0.46844444,0.36816666,0.009833333,0.0295
652,0.12405556,0.46827778,0.3682778,0.009888889,0.0295
653,0.12405556,0.46827778,0.3682778,0.009888889,0.0295
654,0.12405556,0.46822223,0.36833334,0.009888889,0.0295
655,0.12405556,0.4681111,0.3683889,0.009833333,0.02961111
656,0.124,0.46816668,0.3683889,0.009833333,0.02961111
657,0.124,0.46816668,0.36833334,0.009888889,0.02961111
658,0.12388889,0.46816668,0.36833334,0.0099444445,0.029666666
659,0.12388889,0.46816668,0.3682778,0.01,0.029666666
660,0.12377778,0.46816668,0.36816666,0.0101666665,0.029722223
661,0.12377778,0.4681111,0.36822224,0.0101666665,0.029722223
662,0.12377778,0.4678889,0.3682778,0.009888889,0.030166667
663,0.123722225,0.46794444,0.3682778,0.009888889,0.030166667
664,0.12366667,0.46794444,0.3682778,0.0099444445,0.030166667
665,0.1235,0.46794444,0.3682778,0.010111111,0.030166667
666,0.123444445,0.4678889,0.36833334,0.010055556,0.030277777
667,0.123333335,0.46772224,0.3685,0.01,0.030444445
668,0.123277776,0.4677778,0.3683889,0.010111111,0.030444445
669,0.123222224,0.4677778,0.3683889,0.010111111,0.0305
670,0.123166665,0.46783334,0.36833334,0.01,0.030666666
671,0.123166665,0.46783334,0.3682778,0.0099444445,0.030777778
672,0.123166665,0.4677778,0.36833334,0.0099444445,0.030777778
673,0.123166665,0.4677778,0.3682778,0.01,0.030777778
674,0.123166665,0.46772224,0.36833334,0.0099444445,0.030833334
675,0.123166665,0.46766666,0.36833334,0.0099444445,0.030888889
676,0.123111114,0.4676111,0.36844444,0.0099444445,0.030888889
677,0.123055555,0.46766666,0.3683889,0.0099444445,0.030944444
678,0.123055555,0.4676111,0.36844444,0.0099444445,0.030944444
679,0.122944444,0.4676111,0.36855555,0.0099444445,0.030944444
680,0.122888885,0.46766666,0.36855555,0.009888889,0.031
681,0.122777775,0.4676111,0.3686111,0.01,0.031
682,0.122777775,0.4675,0.36872223,0.01,0.031
683,0.12272222,0.46755555,0.3686111,0.01,0.031111112
684,0.12272222,0.4673889,0.36877778,0.009888889,0.031222222
685,0.122666664,0.46727777,0.36894444,0.009833333,0.03127778
686,0.12261111,0.4672222,0.369,0.009888889,0.03127778
687,0.1225,0.46716666,0.36911112,0.009888889,0.031333335
688,0.12238889,0.46683332,0.36922222,0.010222223,0.031333335
689,0.12238889,0.46655557,0.36911112,0.010333333,0.03161111
690,0.12233333,0.46638888,0.36922222,0.010111111,0.031944446
691,0.12233333,0.46627778,0.36927778,0.010055556,0.032055557
692,0.12227778,0.46616668,0.36933333,0.010055556,0.032166667
693,0.12216666,0.46605554,0.36955556,0.010055556,0.032166667
694,0.12216666,0.4658889,0.36966667,0.010111111,0.032166667
695,0.12211111,0.46583334,0.36972222,0.010055556,0.032277778
696,0.12205555,0.4656111,0.3698889,0.010055556,0.03238889
697,0.12205555,0.46555555,0.3696111,0.010277778,0.0325
698,0.122,0.46555555,0.36966667,0.010277778,0.0325
699,0.12188889,0.4656111,0.36972222,0.010277778,0.0325
700,0.12138889,0.45844445,0.37733334,0.010055556,0.03277778
701,0.12094445,0.45488888,0.38133332,0.01,0.032833334
702,0.120222226,0.4543889,0.38244444,0.010055556,0.03288889
703,0.12011111,0.4535,0.38344446,0.0099444445,0.033
704,0.11977778,0.45344445,0.38377777,0.0099444445,0.033055555
705,0.119277775,0.45316666,0.38455555,0.009722223,0.033277776
706,0.11911111,0.45227778,0.38522223,0.009888889,0.0335
