frame,zone1_ratio,zone2_ratio,zone3_ratio,zone4_ratio,zone5_ratio
1,0.86194444,0.13805556,0.0,0.0,0.0
2,0.8525,0.14505556,0.0024444445,0.0,0.0
3,0.85205555,0.14188889,0.006055556,0.0,0.0
4,0.85205555,0.141,0.0069444445,0.0,0.0
5,0.85205555,0.14027777,0.0076666665,0.0,0.0
6,0.85205555,0.13961111,0.008333334,0.0,0.0
7,0.85205555,0.139,0.008944444,0.0,0.0
8,0.85205555,0.13872223,0.0092222225,0.0,0.0
9,0.85205555,0.13822222,0.009722223,0.0,0.0
10,0.85205555,0.13805556,0.009888889,0.0,0.0
11,0.852,0.13794445,0.010055556,0.0,0.0
12,0.852,0.13794445,0.010055556,0.0,0.0
13,0.852,0.13766667,0.010333333,0.0,0.0
14,0.852,0.1375,0.0105,0.0,0.0
15,0.8518889,0.13744445,0.010666667,0.0,0.0
16,0.8518889,0.13727778,0.010833333,0.0,0.0
17,0.85183334,0.13722222,0.010944445,0.0,0.0
18,0.85183334,0.13694444,0.011222222,0.0,0.0
19,0.8517778,0.13666667,0.011555555,0.0,0.0
20,0.8517778,0.13666667,0.011555555,0.0,0.0
21,0.85172224,0.13666667,0.011611111,0.0,0.0
22,0.85172224,0.1365,0.011777778,0.0,0.0
23,0.8516667,0.1365,0.011833333,0.0,0.0
24,0.85161114,0.13644445,0.011944445,0.0,0.0
25,0.85161114,0.13633333,0.012055555,0.0,0.0
26,0.85161114,0.13627778,0.012111112,0.0,0.0
27,0.8515555,0.13627778,0.012166667,0.0,0.0
28,0.8515555,0.13611111,0.0123333335,0.0,0.0
29,0.8515555,0.13594444,0.0125,0.0,0.0
30,0.8515555,0.13583334,0.012611111,0.0,0.0
31,0.8515,0.13583334,0.012666667,0.0,0.0
32,0.8513889,0.13594444,0.012666667,0.0,0.0
33,0.85127777,0.13588889,0.012833334,0.0,0.0
34,0.85116667,0.136,0.012833334,0.0,0.0
35,0.8511111,0.136,0.012888889,0.0,0.0
36,0.8511111,0.13583334,0.0130555555,0.0,0.0
37,0.85105556,0.13583334,0.013111111,0.0,0.0
38,0.851,0.13583334,0.013166667,0.0,0.0
39,0.8508889,0.13588889,0.013222222,0.0,0.0
40,0.8508889,0.13583334,0.0132777775,0.0,0.0
41,0.85066664,0.13605556,0.0132777775,0.0,0.0
42,0.8505,0.13611111,0.013388889,0.0,0.0
43,0.85044444,0.13611111,0.013444444,0.0,0.0
44,0.8503889,0.13616666,0.013444444,0.0,0.0
45,0.8502778,0.13616666,0.013555556,0.0,0.0
46,0.85022223,0.13616666,0.013611111,0.0,0.0
47,0.8501111,0.13627778,0.013611111,0.0,0.0
48,0.8500556,0.13633333,0.013611111,0.0,0.0
49,0.84988886,0.13638888,0.013722222,0.0,0.0
50,0.84955555,0.13655555,0.013888889,0.0,0.0
51,0.84944445,0.13627778,0.014111111,1.6666666E-4,0.0
52,0.84933335,0.13627778,0.014055556,2.7777778E-4,5.5555556E-5
53,0.84922224,0.13627778,0.014111111,2.2222222E-4,1.6666666E-4
54,0.8491667,0.13622223,0.014166667,2.7777778E-4,1.6666666E-4
55,0.849,0.13638888,0.014055556,2.7777778E-4,2.7777778E-4
56,0.8488333,0.13655555,0.014,2.7777778E-4,3.3333333E-4
57,0.8487778,0.13644445,0.014111111,2.7777778E-4,3.8888888E-4
58,0.8486111,0.13655555,0.014111111,2.7777778E-4,4.4444445E-4
59,0.84855556,0.1366111,0.014111111,2.7777778E-4,4.4444445E-4
60,0.8482222,0.13688889,0.014166667,2.2222222E-4,5.0E-4
61,0.84816664,0.13688889,0.014166667,2.7777778E-4,5.0E-4
62,0.8481111,0.13694444,0.014166667,2.7777778E-4,5.0E-4
63,0.84794444,0.137,0.014277778,2.2222222E-4,5.5555557E-4
64,0.84783334,0.137,0.014388889,2.2222222E-4,5.5555557E-4
65,0.8476667,0.13716666,0.014388889,2.2222222E-4,5.5555557E-4
66,0.8474444,0.13738889,0.014388889,2.2222222E-4,5.5555557E-4
67,0.8473333,0.13738889,0.014444444,2.7777778E-4,5.5555557E-4
68,0.84716666,0.13755555,0.014388889,2.7777778E-4,6.111111E-4
69,0.8471111,0.1376111,0.014388889,2.2222222E-4,6.6666666E-4
70,0.8468889,0.13783333,0.014388889,2.2222222E-4,6.6666666E-4
71,0.8467778,0.1378889,0.014444444,2.2222222E-4,6.6666666E-4
72,0.8466667,0.13794445,0.0145,2.2222222E-4,6.6666666E-4
73,0.84655553,0.138,0.0145,2.7777778E-4,6.6666666E-4
74,0.8462222,0.13827778,0.014555556,2.7777778E-4,6.6666666E-4
75,0.8322222,0.15188889,0.014944444,2.7777778E-4,6.6666666E-4
76,0.8312778,0.14683333,0.02088889,3.3333333E-4,6.6666666E-4
77,0.8308333,0.14577778,0.022388889,3.3333333E-4,6.6666666E-4
78,0.83005553,0.14616667,0.022777777,2.7777778E-4,7.222222E-4
79,0.8297222,0.14577778,0.023444444,2.7777778E-4,7.7777775E-4
80,0.8293889,0.14572223,0.023666667,4.4444445E-4,7.7777775E-4
81,0.8291111,0.14583333,0.023666667,5.0E-4,8.888889E-4
82,0.829,0.1458889,0.023611112,5.5555557E-4,9.4444444E-4
83,0.82872224,0.14583333,0.023944445,3.3333333E-4,0.0011666666
84,0.8282222,0.14594445,0.024277778,3.3333333E-4,0.0012222222
85,0.82794446,0.14622222,0.02411111,5.0E-4,0.0012222222
86,0.82755554,0.1465,0.024222223,5.0E-4,0.0012222222
87,0.8272222,0.14672223,0.024333334,4.4444445E-4,0.0012777778
88,0.82677776,0.14711112,0.024388889,4.4444445E-4,0.0012777778
89,0.82633334,0.14744444,0.0245,4.4444445E-4,0.0012777778
90,0.82577777,0.14788888,0.024611112,4.4444445E-4,0.0012777778
91,0.82544446,0.1481111,0.024722222,3.8888888E-4,0.0013333333
92,0.8248889,0.14866666,0.024722222,3.8888888E-4,0.0013333333
93,0.8246667,0.14866666,0.024944445,3.8888888E-4,0.0013333333
94,0.8242222,0.14888889,0.025166666,3.8888888E-4,0.0013333333
95,0.8237778,0.14922222,0.025277779,3.8888888E-4,0.0013333333
96,0.82305557,0.14977778,0.025277779,5.5555557E-4,0.0013333333
97,0.82244444,0.15022223,0.025333334,5.0E-4,0.0015
98,0.8221111,0.1505,0.025388889,5.0E-4,0.0015
99,0.82166666,0.15077777,0.0255,5.0E-4,0.0015555555
100,0.8211667,0.15116666,0.025611112,5.0E-4,0.0015555555
101,0.8205,0.15172222,0.025722222,5.0E-4,0.0015555555
102,0.81983334,0.15227778,0.025777778,5.5555557E-4,0.0015555555
103,0.8195556,0.1525,0.025833333,5.5555557E-4,0.0015555555
104,0.819,0.153,0.025888888,5.5555557E-4,0.0015555555
105,0.81872225,0.15305555,0.026111111,5.5555557E-4,0.0015555555
106,0.8181667,0.15361111,0.026055556,6.111111E-4,0.0015555555
107,0.81755555,0.15422222,0.026055556,6.111111E-4,0.0015555555
108,0.81644446,0.15516667,0.026222222,5.0E-4,0.0016666667
109,0.8156667,0.15588889,0.026277779,5.0E-4,0.0016666667
110,0.8152222,0.15622222,0.026277779,6.111111E-4,0.0016666667
111,0.81461114,0.15677778,0.026333334,5.0E-4,0.0017777778
112,0.8137778,0.1575,0.026444444,5.0E-4,0.0017777778
113,0.8130556,0.15805556,0.02661111,5.0E-4,0.0017777778
114,0.81222224,0.15888889,0.02661111,5.0E-4,0.0017777778
115,0.8117778,0.15927778,0.026666667,5.0E-4,0.0017777778
116,0.8111111,0.15983333,0.026722223,5.5555557E-4,0.0017777778
117,0.81016666,0.16061111,0.026833333,6.111111E-4,0.0017777778
118,0.80994445,0.16077778,0.026777778,6.6666666E-4,0.0018333333
119,0.8093889,0.16133334,0.026777778,6.111111E-4,0.0018888889
120,0.80866665,0.16183333,0.027,6.111111E-4,0.0018888889
121,0.8080556,0.16244444,0.026944444,6.6666666E-4,0.0018888889
122,0.8072778,0.16316667,0.026944444,6.6666666E-4,0.0019444445
123,0.80644447,0.164,0.026944444,6.111111E-4,0.002
124,0.80594444,0.16444445,0.027,6.111111E-4,0.002
125,0.8028333,0.1675,0.027055556,5.5555557E-4,0.0020555556
126,0.8022778,0.16783333,0.027277777,5.5555557E-4,0.0020555556
127,0.80194443,0.16766667,0.027722223,6.111111E-4,0.0020555556
128,0.8018889,0.16755556,0.027888888,6.111111E-4,0.0020555556
129,0.8015,0.16755556,0.028111111,7.7777775E-4,0.0020555556
130,0.801,0.16777778,0.028333334,7.7777775E-4,0.002111111
131,0.80072224,0.168,0.02838889,7.222222E-4,0.0021666666
132,0.8005,0.16794445,0.0285,8.888889E-4,0.0021666666
133,0.80016667,0.16811112,0.028666666,8.3333335E-4,0.0022222223
134,0.80016667,0.1678889,0.028888889,7.7777775E-4,0.0022777778
135,0.8,0.1678889,0.029055556,7.222222E-4,0.0023333333
136,0.79983336,0.168,0.029111112,7.222222E-4,0.0023333333
137,0.7997222,0.16805555,0.029166667,7.222222E-4,0.0023333333
138,0.7997222,0.168,0.029166667,7.7777775E-4,0.0023333333
139,0.7996111,0.16805555,0.029222222,7.7777775E-4,0.0023333333
140,0.79944444,0.16822222,0.029222222,7.7777775E-4,0.0023333333
141,0.7993889,0.16811112,0.02938889,7.7777775E-4,0.0023333333
142,0.7992778,0.16822222,0.02938889,7.7777775E-4,0.0023333333
143,0.7990556,0.16838889,0.029333333,8.888889E-4,0.0023333333
144,0.7989445,0.16844444,0.02938889,8.888889E-4,0.0023333333
145,0.7987222,0.16861111,0.029444445,8.888889E-4,0.0023333333
146,0.79866666,0.16866666,0.02938889,9.4444444E-4,0.0023333333
147,0.79855555,0.16872223,0.029444445,9.4444444E-4,0.0023333333
148,0.7982778,0.16883333,0.02961111,8.3333335E-4,0.0024444445
149,0.79822224,0.16861111,0.029888889,8.3333335E-4,0.0024444445
150,0.79811114,0.16872223,0.029888889,8.3333335E-4,0.0024444445
151,0.798,0.16877778,0.029944444,7.7777775E-4,0.0025
152,0.7979444,0.16877778,0.03,7.7777775E-4,0.0025
153,0.7976111,0.169,0.030111112,7.7777775E-4,0.0025
154,0.79733336,0.16922222,0.030111112,8.3333335E-4,0.0025
155,0.7968889,0.16955556,0.030222222,8.3333335E-4,0.0025
156,0.7966667,0.16961111,0.030333333,8.3333335E-4,0.0025555557
157,0.79638886,0.1695,0.030722221,8.3333335E-4,0.0025555557
158,0.79616666,0.16961111,0.030666666,0.001,0.0025555557
159,0.79594445,0.16977778,0.030444445,0.0012777778,0.0025555557
160,0.7956111,0.16988888,0.03061111,0.0011666666,0.0027222221
161,0.7952778,0.17022222,0.03061111,9.4444444E-4,0.0029444445
162,0.7951111,0.17038889,0.0305,0.001,0.003
163,0.7947222,0.17077778,0.0305,0.001,0.003
164,0.7945,0.17077778,0.030722221,9.4444444E-4,0.0030555555
165,0.7942778,0.17088889,0.030833334,9.4444444E-4,0.0030555555
166,0.7939444,0.17105556,0.030833334,0.0011111111,0.0030555555
167,0.79377776,0.171,0.030888889,0.0012222222,0.003111111
168,0.79366666,0.17088889,0.031111112,0.0010555555,0.0032777777
169,0.7933889,0.17094444,0.03127778,0.0010555555,0.0033333334
170,0.7928889,0.17127778,0.03138889,0.0011111111,0.0033333334
171,0.7927778,0.17127778,0.0315,0.0011111111,0.0033333334
172,0.7925,0.17133333,0.03161111,0.0010555555,0.0035
173,0.79227775,0.17144445,0.03172222,0.0010555555,0.0035
174,0.7921111,0.17161112,0.031666666,0.0011111111,0.0035
175,0.79183334,0.17183334,0.03172222,0.0011111111,0.0035
176,0.7916667,0.17194444,0.031777777,0.0010555555,0.0035555556
177,0.7913333,0.17216666,0.031888887,0.0010555555,0.0035555556
178,0.79094446,0.17244445,0.032,0.0010555555,0.0035555556
179,0.7907778,0.17255555,0.032055557,0.0010555555,0.0035555556
180,0.7905,0.17261112,0.032277778,0.0010555555,0.0035555556
181,0.79033333,0.17266667,0.03238889,0.0010555555,0.0035555556
182,0.79,0.17277777,0.03261111,0.0010555555,0.0035555556
183,0.78955555,0.173,0.03277778,0.0011111111,0.0035555556
184,0.7895,0.17288889,0.032944445,0.0011111111,0.0035555556
185,0.7891667,0.17283334,0.033333335,0.0011111111,0.0035555556
186,0.7889444,0.17305556,0.033277776,0.0011666666,0.0035555556
187,0.7888333,0.17288889,0.033555556,0.0011666666,0.0035555556
188,0.78866667,0.17305556,0.033555556,0.0011666666,0.0035555556
189,0.7886111,0.17288889,0.033777777,0.0011666666,0.0035555556
190,0.7885,0.17277777,0.033888888,0.0012777778,0.0035555556
191,0.78816664,0.17305556,0.033944443,0.0012777778,0.0035555556
192,0.788,0.17316666,0.034,0.0012777778,0.0035555556
193,0.7876667,0.17327778,0.034222223,0.0012777778,0.0035555556
194,0.7875,0.17333333,0.034333333,0.0012777778,0.0035555556
195,0.7873333,0.17338888,0.034444444,0.0012777778,0.0035555556
196,0.7871111,0.1735,0.034555554,0.0012777778,0.0035555556
197,0.78694445,0.17355555,0.034666665,0.0012777778,0.0035555556
198,0.7867778,0.1736111,0.03477778,0.0012777778,0.0035555556
199,0.78661114,0.1736111,0.034944445,0.0012777778,0.0035555556
200,0.7659444,0.193,0.036222223,0.0012777778,0.0035555556
201,0.7648889,0.19172223,0.038555555,0.0012777778,0.0035555556
202,0.7638889,0.19166666,0.039611112,0.0011666666,0.0036666666
203,0.7631111,0.19222222,0.039833333,0.0011666666,0.0036666666
204,0.7622778,0.1925,0.04038889,0.0011666666,0.0036666666
205,0.7613889,0.19322222,0.040555555,0.0011666666,0.0036666666
206,0.7607222,0.19377778,0.040666666,0.0011666666,0.0036666666
207,0.7602222,0.19427778,0.040666666,0.0011666666,0.0036666666
208,0.7594444,0.19488889,0.04083333,0.0011666666,0.0036666666
209,0.7586667,0.19555555,0.040944446,0.0011666666,0.0036666666
210,0.75711113,0.19705555,0.041,0.0011666666,0.0036666666
211,0.75622225,0.1978889,0.041,0.0012222222,0.0036666666
212,0.7556111,0.19838889,0.041055556,0.0012222222,0.0037222223
213,0.75472224,0.19922222,0.04111111,0.0011666666,0.0037777778
214,0.75372225,0.20016667,0.041166667,0.0011666666,0.0037777778
215,0.7528333,0.201,0.041222222,0.0011666666,0.0037777778
216,0.7517222,0.202,0.041333333,0.0011666666,0.0037777778
217,0.7507222,0.20283334,0.041388888,0.0012777778,0.0037777778
218,0.7496667,0.20383333,0.041333333,0.0013888889,0.0037777778
219,0.7483889,0.20511112,0.041277777,0.0013888889,0.0038333333
220,0.7469444,0.20638889,0.041444443,0.0013888889,0.0038333333
221,0.74594444,0.2073889,0.041388888,0.0014444444,0.0038333333
222,0.74505556,0.2081111,0.041555557,0.0013888889,0.003888889
223,0.744,0.20916666,0.0415,0.0014444444,0.003888889
224,0.74277776,0.21033333,0.0415,0.0014444444,0.0039444445
225,0.7413333,0.21177778,0.0415,0.0014444444,0.0039444445
226,0.73994446,0.21305555,0.041555557,0.0015,0.0039444445
227,0.7383889,0.21461111,0.041555557,0.0015,0.0039444445
228,0.73716664,0.21577778,0.041611113,0.0015,0.0039444445
229,0.7358889,0.21705556,0.041611113,0.0015,0.0039444445
230,0.7346111,0.21827778,0.041666668,0.0015,0.0039444445
231,0.7332778,0.21961111,0.041666668,0.0015,0.0039444445
232,0.732,0.22088888,0.041666668,0.0015,0.0039444445
233,0.73055553,0.22233333,0.041666668,0.0015,0.0039444445
234,0.729,0.22377777,0.04177778,0.0015,0.0039444445
235,0.7272222,0.22544445,0.04188889,0.0015,0.0039444445
236,0.72544444,0.22722222,0.04188889,0.0015,0.0039444445
237,0.72294444,0.22966667,0.041944444,0.0015,0.0039444445
238,0.7213889,0.23122223,0.041944444,0.0014444444,0.004
239,0.71944445,0.23305556,0.042055555,0.0014444444,0.004
240,0.71761113,0.23466666,0.04227778,0.0014444444,0.004
241,0.71555555,0.23661111,0.04238889,0.0014444444,0.004
242,0.7135,0.23861112,0.04238889,0.0015,0.004
243,0.71205556,0.23988889,0.042555556,0.0015,0.004
244,0.71022224,0.24161111,0.04261111,0.0015555555,0.004
245,0.7084444,0.24316667,0.042833332,0.0015555555,0.004
246,0.7060556,0.24544445,0.042888887,0.0015555555,0.0040555554
247,0.7042222,0.247,0.043166667,0.0015555555,0.0040555554
248,0.7021111,0.24883333,0.043222222,0.0017777778,0.0040555554
249,0.70016664,0.25066668,0.043222222,0.0018888889,0.0040555554
250,0.6967222,0.25322223,0.04388889,0.0019444445,0.004222222
251,0.69633335,0.25266665,0.04472222,0.002,0.004277778
252,0.6957778,0.25244445,0.045166668,0.002111111,0.0045
253,0.69533336,0.25233334,0.04561111,0.0020555556,0.0046666665
254,0.69494444,0.25205556,0.04611111,0.0020555556,0.004833333
255,0.6945556,0.25205556,0.04633333,0.002111111,0.0049444446
256,0.69416666,0.2516111,0.047,0.0021666666,0.0050555556
257,0.694,0.25155556,0.047222223,0.0020555556,0.0051666666
258,0.69372225,0.2516111,0.047333334,0.0020555556,0.0052777776
259,0.6935,0.2516111,0.047444444,0.0021666666,0.0052777776
260,0.6932778,0.2516111,0.0475,0.0020555556,0.0055555557
261,0.6931667,0.2515,0.047666665,0.002111111,0.0055555557
262,0.693,0.25116667,0.04811111,0.0020555556,0.0056666667
263,0.69277775,0.25116667,0.048277777,0.002111111,0.0056666667
264,0.6925,0.25122222,0.048388887,0.002111111,0.0057777776
265,0.6922778,0.25116667,0.0485,0.0021666666,0.005888889
266,0.6920556,0.25122222,0.048611112,0.0021666666,0.0059444443
267,0.6919444,0.25105557,0.048666667,0.002388889,0.0059444443
268,0.69144446,0.2515,0.048666667,0.0023333333,0.006055556
269,0.69116664,0.2516111,0.048722222,0.0022777778,0.006222222
270,0.6908889,0.25155556,0.049,0.0022222223,0.0063333334
271,0.6907778,0.25138888,0.04927778,0.0020555556,0.0065
272,0.6906111,0.25138888,0.04938889,0.0020555556,0.0065555554
273,0.69027776,0.25155556,0.04938889,0.0022222223,0.0065555554
274,0.6897778,0.252,0.04938889,0.0022222223,0.006611111
275,0.6894444,0.25216666,0.0495,0.0022222223,0.006666667
276,0.6891111,0.25244445,0.049555555,0.0022222223,0.006666667
277,0.68883336,0.2525,0.049777776,0.0021666666,0.006722222
278,0.6886111,0.2523889,0.05011111,0.0021666666,0.006722222
279,0.68855554,0.2523889,0.050055556,0.0022777778,0.006722222
280,0.6881111,0.2526111,0.050277777,0.0022222223,0.006777778
281,0.688,0.2526111,0.050333332,0.0021666666,0.006888889
282,0.6878333,0.25272223,0.050388888,0.0021666666,0.006888889
283,0.6876111,0.25266665,0.050666668,0.002111111,0.0069444445
284,0.6871667,0.2528889,0.05088889,0.002111111,0.0069444445
285,0.6868333,0.253,0.051055554,0.0021666666,0.0069444445
286,0.68644446,0.25327778,0.051055554,0.0022777778,0.0069444445
287,0.6862778,0.25322223,0.05127778,0.0022777778,0.0069444445
288,0.6861111,0.25327778,0.05138889,0.0022222223,0.007
289,0.6856111,0.25372222,0.051444445,0.0022222223,0.007
290,0.6855556,0.25361112,0.05161111,0.0022222223,0.007
291,0.6854445,0.25366667,0.051666666,0.0022222223,0.007
292,0.685,0.254,0.051777776,0.0022222223,0.007
293,0.6846111,0.25427777,0.05188889,0.0022222223,0.007
294,0.6843889,0.25433335,0.052,0.0022777778,0.007
295,0.68416667,0.25444445,0.052055556,0.0023333333,0.007
296,0.684,0.25444445,0.052166667,0.002388889,0.007
297,0.6838889,0.25427777,0.052388888,0.0024444445,0.007
298,0.68355554,0.25455555,0.052388888,0.002388889,0.007111111
299,0.68322223,0.2547778,0.052444443,0.0023333333,0.007222222
300,0.683,0.2548889,0.052555557,0.0023333333,0.007222222
301,0.68277776,0.255,0.052666668,0.0023333333,0.007222222
302,0.6825,0.25516668,0.05277778,0.0022777778,0.007277778
303,0.6822778,0.25533333,0.052833334,0.0022777778,0.007277778
304,0.68194443,0.25544444,0.053055555,0.0022777778,0.007277778
305,0.6817222,0.25544444,0.05327778,0.0022777778,0.007277778
306,0.68144447,0.25566667,0.053333335,0.0022777778,0.007277778
307,0.68127775,0.25577778,0.05338889,0.0022777778,0.007277778
308,0.68105555,0.25583333,0.053555556,0.0022777778,0.007277778
309,0.68094444,0.25577778,0.05372222,0.0022777778,0.007277778
310,0.68061113,0.25583333,0.054,0.0022777778,0.007277778
311,0.68038887,0.256,0.054055557,0.0022777778,0.007277778
312,0.68027776,0.25605556,0.054111112,0.0022777778,0.007277778
313,0.6802222,0.25583333,0.05438889,0.0022777778,0.007277778
314,0.6801111,0.25588888,0.054444443,0.0022222223,0.007333333
315,0.68,0.25572222,0.054722223,0.0022222223,0.007333333
316,0.6797778,0.25577778,0.05488889,0.0022222223,0.007333333
317,0.67972225,0.25566667,0.055055555,0.0022222223,0.007333333
318,0.67955554,0.25577778,0.05511111,0.0022222223,0.007333333
319,0.6793333,0.25577778,0.055277776,0.0022777778,0.007333333
320,0.6792778,0.25561112,0.055444445,0.0023333333,0.007333333
321,0.6790556,0.25566667,0.05561111,0.0023333333,0.007333333
322,0.67894447,0.25566667,0.055666666,0.0023333333,0.007388889
323,0.67877775,0.25566667,0.055777777,0.002388889,0.007388889
324,0.67877775,0.2555,0.055944443,0.002388889,0.007388889
325,0.66,0.27133334,0.058833335,0.0024444445,0.007388889
326,0.65922225,0.2715,0.059444446,0.0024444445,0.007388889
327,0.65694445,0.2732778,0.059944443,0.0024444445,0.007388889
328,0.655,0.27516666,0.059944443,0.0025,0.007388889
329,0.65305555,0.27705556,0.06,0.0025,0.007388889
330,0.6508333,0.27911112,0.06016667,0.0025,0.007388889
331,0.6487778,0.28105557,0.06027778,0.0025,0.007388889
332,0.6467222,0.28311113,0.06027778,0.0025,0.007388889
333,0.6446111,0.28516668,0.060333334,0.0025,0.007388889
334,0.6418889,0.28777778,0.060444444,0.0025,0.007388889
335,0.6395556,0.29,0.060555555,0.0025,0.007388889
336,0.6369445,0.29244444,0.06072222,0.0025,0.007388889
337,0.63483334,0.29444444,0.060833335,0.0025,0.007388889
338,0.6319444,0.29716668,0.061,0.0025,0.007388889
339,0.62927777,0.29966667,0.061166666,0.0025,0.007388889
340,0.6266111,0.30222222,0.061166666,0.0026111112,0.007388889
341,0.6241111,0.3045,0.061388887,0.0026111112,0.007388889
342,0.6204444,0.3081111,0.061444443,0.0025555557,0.0074444446
343,0.6167778,0.31166667,0.0615,0.0026111112,0.0074444446
344,0.61333334,0.3151111,0.0615,0.0026111112,0.0074444446
345,0.60966665,0.31844443,0.061777778,0.0026666666,0.0074444446
346,0.60638887,0.3216111,0.06188889,0.0026111112,0.0075
347,0.6028889,0.32488889,0.06211111,0.0026111112,0.0075
348,0.5992778,0.32844445,0.06216667,0.0026111112,0.0075
349,0.59544444,0.33211112,0.06211111,0.0027777778,0.0075555556
350,0.592,0.33527777,0.06238889,0.0026666666,0.0076666665
351,0.58827776,0.33888888,0.062333334,0.0028333333,0.0076666665
352,0.58405554,0.343,0.06238889,0.0028888888,0.0076666665
353,0.58,0.34677777,0.06266667,0.0028888888,0.0076666665
354,0.5765,0.3501111,0.06283333,0.0028888888,0.0076666665
355,0.5735555,0.353,0.06288889,0.0028333333,0.0077222222
356,0.569,0.35755557,0.06283333,0.0028888888,0.0077222222
357,0.56527776,0.3611111,0.06294444,0.0029444445,0.0077222222
358,0.5613889,0.36494446,0.06294444,0.003,0.0077222222
359,0.55755556,0.36866668,0.06305555,0.003,0.0077222222
360,0.5542778,0.3715,0.06338889,0.003111111,0.0077222222
361,0.5497778,0.37594444,0.06344444,0.003111111,0.0077222222
362,0.5464444,0.3791111,0.06361111,0.0030555555,0.007777778
363,0.5427778,0.38272223,0.06361111,0.003111111,0.007777778
364,0.53933334,0.38588887,0.063777775,0.0032222222,0.007777778
365,0.5351111,0.38966668,0.064166665,0.0032777777,0.007777778
366,0.53183335,0.3928889,0.064055555,0.0034444444,0.007777778
367,0.5285,0.396,0.064222224,0.0035,0.007777778
368,0.5250555,0.39927778,0.064277776,0.0035555556,0.007833334
369,0.52133334,0.40294445,0.064333335,0.0035555556,0.007833334
370,0.5177778,0.40616667,0.064666666,0.0035,0.007888889
371,0.51438886,0.4093889,0.064833336,0.0035,0.007888889
372,0.5108333,0.41283333,0.064833336,0.0035555556,0.007944444
373,0.5086111,0.41494444,0.064944446,0.0035555556,0.007944444
374,0.50505555,0.41844445,0.06488889,0.0036666666,0.007944444
375,0.502,0.42094445,0.06533334,0.003611111,0.008111111
376,0.501,0.4218889,0.06538889,0.003611111,0.008111111
377,0.5005,0.42211112,0.06544445,0.0037777778,0.008166667
378,0.5002222,0.42216668,0.06555556,0.0038333333,0.008222222
379,0.49983335,0.42227778,0.0655,0.0040555554,0.008333334
380,0.49933332,0.42222223,0.066,0.0040555554,0.008388889
381,0.499,0.4225,0.06588889,0.004,0.008611111
382,0.49827778,0.42277777,0.06633333,0.0039444445,0.008666666
383,0.4977222,0.42316666,0.06633333,0.004111111,0.008666666
384,0.49722221,0.42355555,0.06633333,0.004166667,0.008722222
385,0.49677777,0.42394444,0.06627778,0.004277778,0.008722222
386,0.49627778,0.4243889,0.06633333,0.004166667,0.008833333
387,0.49594444,0.42455557,0.0665,0.004166667,0.008833333
388,0.4957778,0.42455557,0.06655555,0.004222222,0.008888889
389,0.4953889,0.42483333,0.06666667,0.004222222,0.008888889
390,0.49483332,0.4253889,0.06666667,0.004222222,0.008888889
391,0.49433333,0.42577776,0.06666667,0.004333333,0.008888889
392,0.49394444,0.42616665,0.06661111,0.004333333,0.008944444
393,0.49355555,0.4265,0.06666667,0.004333333,0.008944444
394,0.4932778,0.42666668,0.06677778,0.004277778,0.009
395,0.493,0.42666668,0.06694444,0.004333333,0.009055556
396,0.49238887,0.42711112,0.06711111,0.004333333,0.009055556
397,0.492,0.42744446,0.06705555,0.0044444446,0.009055556
398,0.4915,0.4278889,0.06711111,0.004388889,0.009111111
399,0.4908889,0.4285,0.06705555,0.0044444446,0.009111111
400,0.49044445,0.4288889,0.06711111,0.0044444446,0.009111111
401,0.49005556,0.42916667,0.06716666,0.0045,0.009111111
402,0.48994446,0.42916667,0.067277774,0.0045,0.009111111
403,0.48961112,0.42938888,0.06738889,0.0044444446,0.009166666
404,0.48916668,0.42983332,0.06738889,0.004388889,0.0092222225
405,0.48872223,0.43027776,0.06738889,0.004388889,0.0092222225
406,0.4881111,0.4307778,0.06744444,0.0044444446,0.0092222225
407,0.48783332,0.43105555,0.06738889,0.0045,0.0092222225
408,0.48744443,0.43127778,0.067555554,0.0045,0.0092222225
409,0.48716667,0.43133333,0.06772222,0.0045555555,0.0092222225
410,0.48677778,0.43161112,0.067833334,0.0045555555,0.0092222225
411,0.48655555,0.43177778,0.067888886,0.0045555555,0.0092222225
412,0.4863889,0.43194443,0.067888886,0.0045,0.009277778
413,0.4857222,0.4326111,0.067888886,0.0045,0.009277778
414,0.48516667,0.4331111,0.067888886,0.0045555555,0.009277778
415,0.48466668,0.4333889,0.068111114,0.0045555555,0.009277778
416,0.4843889,0.43361112,0.068166666,0.0045555555,0.009277778
417,0.4841111,0.43388888,0.068166666,0.0045555555,0.009277778
418,0.4837222,0.43405557,0.06838889,0.0045555555,0.009277778
419,0.48327777,0.43438888,0.0685,0.0045555555,0.009277778
420,0.48305556,0.43444446,0.06861111,0.0046111112,0.009277778
421,0.48261112,0.43483335,0.0685,0.004777778,0.009277778
422,0.48216668,0.4351111,0.068555556,0.004833333,0.009333333
423,0.48155555,0.4355,0.06877778,0.004777778,0.009388889
424,0.48116666,0.43583333,0.068833336,0.0046666665,0.0095
425,0.4808889,0.436,0.068722226,0.004833333,0.009555556
426,0.48077777,0.43605554,0.068722226,0.004888889,0.009555556
427,0.4805,0.43622223,0.068833336,0.0046666665,0.009777778
428,0.48022223,0.43638888,0.06888889,0.0046666665,0.009833333
429,0.47972223,0.43683332,0.068833336,0.004777778,0.009833333
430,0.4793889,0.437,0.06877778,0.0049444446,0.009888889
431,0.47905555,0.4372222,0.068833336,0.005,0.009888889
432,0.47866666,0.4376111,0.068833336,0.0049444446,0.0099444445
433,0.47822222,0.438,0.06888889,0.004833333,0.010055556
434,0.478,0.4381111,0.069,0.004833333,0.010055556
435,0.47761112,0.43822223,0.06927778,0.004833333,0.010055556
436,0.47733334,0.43833333,0.06938889,0.004888889,0.010055556
437,0.4768889,0.43872222,0.06944445,0.004833333,0.010111111
438,0.4765,0.439,0.06944445,0.0049444446,0.010111111
439,0.47622222,0.43927777,0.06938889,0.005,0.010111111
440,0.47577778,0.43944445,0.06966667,0.0049444446,0.0101666665
441,0.47566667,0.4395,0.06972222,0.004888889,0.010222223
442,0.47538888,0.4397222,0.06972222,0.0049444446,0.010222223
443,0.475,0.44,0.06977778,0.005,0.010222223
444,0.47483334,0.44016665,0.06977778,0.005,0.010222223
445,0.4743889,0.44055554,0.06977778,0.0050555556,0.010222223
446,0.4742222,0.44044444,0.07005556,0.0050555556,0.010222223
447,0.47405556,0.44061112,0.07005556,0.0050555556,0.010222223
448,0.47372222,0.44061112,0.07038889,0.0050555556,0.010222223
449,0.47344443,0.44077778,0.07033333,0.0052222223,0.010222223
450,0.46255556,0.44633332,0.075611115,0.0052222223,0.010277778
451,0.4615,0.44733334,0.075666666,0.0051666666,0.010333333
452,0.4575,0.45094445,0.07605556,0.0051666666,0.010333333
453,0.45461112,0.4536111,0.07627778,0.0051666666,0.010333333
454,0.4512222,0.45677778,0.07644445,0.0052222223,0.010333333
455,0.44694445,0.461,0.0765,0.0052222223,0.010333333
456,0.4448889,0.463,0.0765,0.0052777776,0.010333333
457,0.4428889,0.46494445,0.07644445,0.005388889,0.010333333
458,0.43955556,0.46822223,0.0765,0.005388889,0.010333333
459,0.4368889,0.47072223,0.07666667,0.0053333333,0.010388889
460,0.43388888,0.47361112,0.07677778,0.0053333333,0.010388889
461,0.43161112,0.47561112,0.077,0.005388889,0.010388889
462,0.429,0.47816667,0.07705556,0.005388889,0.010388889
463,0.42605555,0.48105556,0.07711111,0.005388889,0.010388889
464,0.42333335,0.48355556,0.07733333,0.005388889,0.010388889
465,0.4205,0.4861111,0.07761111,0.0053333333,0.010444445
466,0.4187222,0.48755556,0.07788889,0.005388889,0.010444445
467,0.41694444,0.48905554,0.07816666,0.005388889,0.010444445
468,0.4138889,0.49161112,0.078555554,0.0054444443,0.0105
469,0.41194445,0.4933889,0.07861111,0.0055555557,0.0105
470,0.40838888,0.49672222,0.078833334,0.0055555557,0.0105
471,0.406,0.49883333,0.079111114,0.0055555557,0.0105
472,0.4027778,0.50177777,0.07938889,0.0055555557,0.0105
473,0.4003889,0.50405556,0.0795,0.0055555557,0.0105
474,0.3965,0.5077222,0.079722226,0.0055555557,0.0105
475,0.39283332,0.51111114,0.08,0.0055555557,0.0105
476,0.38961112,0.5141111,0.08011111,0.0056666667,0.0105
477,0.387,0.5162778,0.08055556,0.0056666667,0.0105
478,0.38394445,0.51927775,0.08061111,0.0056666667,0.0105
479,0.3813889,0.5216111,0.08083333,0.0056666667,0.0105
480,0.37866667,0.5238889,0.08122222,0.0057222224,0.0105
481,0.37583333,0.52633333,0.08161111,0.0057222224,0.0105
482,0.3726111,0.52905554,0.08211111,0.0057222224,0.0105
483,0.3702222,0.5311111,0.082444444,0.0057222224,0.0105
484,0.36705557,0.5336667,0.083055556,0.0057222224,0.0105
485,0.36433333,0.5357778,0.08366667,0.0057222224,0.0105
486,0.36144444,0.5382222,0.08411111,0.0057222224,0.0105
487,0.3591111,0.5400556,0.08455556,0.0057777776,0.0105
488,0.35683334,0.542,0.08483333,0.0058333334,0.0105
489,0.35444444,0.544,0.08522222,0.0058333334,0.0105
490,0.35194445,0.5462222,0.0855,0.0058333334,0.0105
491,0.34905556,0.5486111,0.086,0.0058333334,0.0105
492,0.3468889,0.55016667,0.086611114,0.0058333334,0.0105
493,0.3441111,0.5525,0.087,0.005888889,0.0105
494,0.34183332,0.5543889,0.08738889,0.0058333334,0.010555555
495,0.33972222,0.5563889,0.0875,0.0058333334,0.010555555
496,0.33794445,0.5578333,0.08783333,0.0058333334,0.010555555
497,0.336,0.5592778,0.08822222,0.0059444443,0.010555555
498,0.33405554,0.5606667,0.08872222,0.006,0.010555555
499,0.3316111,0.56233335,0.08944444,0.006,0.010611111
500,0.3295,0.563,0.090555556,0.0063333334,0.010611111
501,0.3291111,0.56333333,0.09038889,0.0064444444,0.010722222
502,0.32855555,0.56383336,0.090277776,0.0065,0.010833333
503,0.32833335,0.5638889,0.090444446,0.006222222,0.011111111
504,0.32794446,0.5642222,0.09038889,0.006222222,0.011222222
505,0.32766667,0.5644444,0.09038889,0.0062777777,0.011222222
506,0.32727778,0.56483334,0.090333335,0.0063333334,0.011222222
507,0.32705554,0.565,0.090333335,0.0063888887,0.011222222
508,0.32683334,0.56505555,0.0905,0.0063333334,0.011277778
509,0.3263889,0.56527776,0.09066667,0.0063333334,0.011333333
510,0.32594445,0.5656111,0.09066667,0.0064444444,0.011333333
511,0.32527778,0.56605554,0.09077778,0.0065,0.011388889
512,0.3246111,0.5666111,0.09077778,0.0065,0.0115
513,0.3241111,0.5669444,0.09088889,0.0065,0.011555555
514,0.32383335,0.5670556,0.09094445,0.0065,0.011666667
515,0.32333332,0.56744444,0.091,0.0064444444,0.011777778
516,0.32283333,0.56766665,0.09094445,0.006611111,0.011944445
517,0.3225,0.5678889,0.091,0.0065555554,0.012055555
518,0.32222223,0.56805557,0.09094445,0.006666667,0.012111112
519,0.32155555,0.5683889,0.09094445,0.006611111,0.0125
520,0.32133332,0.5685,0.091,0.006611111,0.012555555
521,0.32094446,0.56855553,0.09122222,0.006611111,0.012666667
522,0.3205,0.5688889,0.09133333,0.0065555554,0.012722222
523,0.31994444,0.56927776,0.09138889,0.006666667,0.012722222
524,0.31933334,0.5695556,0.09155556,0.006777778,0.012777777
525,0.31905556,0.5696667,0.09172222,0.006777778,0.012777777
526,0.31827778,0.57016665,0.09194444,0.0068333335,0.012777777
527,0.31811112,0.5702222,0.092,0.0068333335,0.012833334
528,0.31766668,0.5706111,0.09205556,0.006777778,0.012888889
529,0.3172778,0.5709444,0.09211111,0.006722222,0.012944444
530,0.3168889,0.5712778,0.09216667,0.006722222,0.012944444
531,0.3167222,0.57133335,0.09216667,0.0068333335,0.012944444
532,0.31633332,0.5717222,0.09205556,0.0069444445,0.012944444
533,0.31583333,0.5721111,0.09216667,0.006888889,0.013
534,0.31516665,0.57266665,0.09222222,0.0069444445,0.013
535,0.31483334,0.57283336,0.09238889,0.0069444445,0.013
536,0.31433332,0.5732222,0.0925,0.0069444445,0.013
537,0.31388888,0.5735555,0.0925,0.0070555555,0.013
538,0.31344444,0.57372224,0.09277778,0.007,0.0130555555
539,0.31305555,0.57394445,0.09283333,0.007111111,0.0130555555
540,0.31244445,0.5744445,0.09288889,0.0071666664,0.0130555555
541,0.312,0.5747778,0.093,0.0071666664,0.0130555555
542,0.31155556,0.5751111,0.093055554,0.007222222,0.0130555555
543,0.31127778,0.5752222,0.09322222,0.007222222,0.0130555555
544,0.3106111,0.57577777,0.093333334,0.007222222,0.0130555555
545,0.31016666,0.5761667,0.093388885,0.0071666664,0.013111111
546,0.30994445,0.5763889,0.093277775,0.007222222,0.013166667
547,0.3096111,0.57655555,0.093333334,0.007333333,0.013166667
548,0.30927777,0.5768333,0.093277775,0.0074444446,0.013166667
549,0.30883333,0.5771111,0.093388885,0.007388889,0.0132777775
550,0.3083889,0.5772222,0.093666665,0.007333333,0.013388889
551,0.30833334,0.5771667,0.093666665,0.0074444446,0.013388889
552,0.30794445,0.5775,0.093333334,0.0077222222,0.0135
553,0.30766666,0.57772225,0.093277775,0.007833334,0.0135
554,0.30727777,0.57794446,0.09311111,0.007888889,0.013777778
555,0.30705556,0.5778889,0.093166664,0.007833334,0.014055556
556,0.30633333,0.5784444,0.093333334,0.007777778,0.014111111
557,0.30605555,0.5786667,0.093333334,0.007833334,0.014111111
558,0.3058889,0.5786667,0.0935,0.0077222222,0.014222222
559,0.3055,0.579,0.0935,0.007777778,0.014222222
560,0.30527776,0.5791111,0.093555555,0.007833334,0.014222222
561,0.30494446,0.57927775,0.093666665,0.007888889,0.014222222
562,0.30472222,0.57944447,0.093666665,0.007888889,0.014277778
563,0.30438888,0.5797222,0.093722224,0.007888889,0.014277778
564,0.30405554,0.57994443,0.093833335,0.007888889,0.014277778
565,0.30372223,0.58016664,0.093944445,0.007888889,0.014277778
566,0.3032222,0.58055556,0.093888886,0.008,0.014333333
567,0.303,0.5806111,0.094,0.008,0.014388889
568,0.30238888,0.58111113,0.094,0.008111111,0.014388889
569,0.30222222,0.5812778,0.093944445,0.008111111,0.014444444
570,0.30183333,0.58144444,0.094,0.008166667,0.014555556
571,0.30166668,0.5816111,0.094,0.008166667,0.014555556
572,0.3015,0.5817222,0.093944445,0.008222222,0.014611111
573,0.3013889,0.5817222,0.094055556,0.008166667,0.014666666
574,0.30105555,0.58194447,0.094166666,0.008166667,0.014666666
575,0.2968889,0.5786667,0.10138889,0.008388889,0.014666666
576,0.296,0.57944447,0.101444446,0.008388889,0.014722222
577,0.29366666,0.5813889,0.101722226,0.0085,0.014722222
578,0.2913889,0.58327776,0.10211111,0.0085,0.014722222
579,0.2891111,0.5855,0.10211111,0.008555556,0.014722222
580,0.2868889,0.5873889,0.10244445,0.008555556,0.014722222
581,0.28505555,0.5888889,0.10266667,0.008611111,0.014777778
582,0.28294444,0.5902778,0.10333333,0.008666666,0.014777778
583,0.28127778,0.5913889,0.10377778,0.008722222,0.014833333
584,0.2795,0.5931111,0.10372222,0.008833333,0.014833333
585,0.278,0.59433335,0.104,0.008833333,0.014833333
586,0.2771111,0.59488887,0.104277775,0.008833333,0.014888889
587,0.27572224,0.59583336,0.104722224,0.008833333,0.014888889
588,0.27416667,0.5971111,0.105,0.008833333,0.014888889
589,0.2727222,0.5982222,0.105111115,0.009055556,0.014888889
590,0.27166668,0.5988333,0.1055,0.009055556,0.014944444
591,0.27094445,0.5988333,0.10616667,0.009055556,0.015
592,0.26944444,0.5998333,0.10644444,0.009277778,0.015
593,0.26783332,0.60116667,0.10672222,0.009277778,0.015
594,0.26677778,0.60194445,0.10694444,0.009333333,0.015
595,0.26555556,0.6027222,0.10738889,0.009277778,0.015055556
596,0.26444444,0.6031111,0.108055554,0.009333333,0.015055556
597,0.26322222,0.6040556,0.108222224,0.009444444,0.015055556
598,0.26238889,0.60433334,0.10877778,0.009444444,0.015055556
599,0.26105556,0.605,0.10938889,0.0095,0.015055556
600,0.2596111,0.606,0.10966667,0.009611111,0.015111111
601,0.25844446,0.60672224,0.11011111,0.009611111,0.015111111
602,0.25694445,0.6077222,0.11055555,0.009666666,0.015111111
603,0.25566667,0.6083889,0.11105555,0.009666666,0.015222223
604,0.2543889,0.6090556,0.111666664,0.009666666,0.015222223
605,0.25311112,0.60944444,0.11238889,0.009611111,0.0154444445
606,0.25183332,0.6102222,0.11266667,0.009777778,0.0155
607,0.25088888,0.6105555,0.11322222,0.009777778,0.015555556
608,0.24955556,0.61127776,0.11383333,0.009777778,0.015555556
609,0.24844444,0.6114445,0.11466666,0.009888889,0.015555556
610,0.24738888,0.6117778,0.115277775,0.009888889,0.015666667
611,0.24605556,0.612,0.116222225,0.01,0.015722223
612,0.24488889,0.61277777,0.11661111,0.01,0.015722223
613,0.24377778,0.6130555,0.11733333,0.010111111,0.015722223
614,0.24266666,0.61355555,0.11777778,0.010277778,0.015722223
615,0.24144444,0.6137222,0.11872222,0.010333333,0.015777778
616,0.24044445,0.6142222,0.119055554,0.010444445,0.015833333
617,0.23922223,0.61433333,0.12016667,0.010388889,0.015888888
618,0.23833333,0.6146111,0.12066667,0.010444445,0.015944444
619,0.23716667,0.6147778,0.12122222,0.010833333,0.016
620,0.23666666,0.6145,0.12194444,0.010777778,0.016111111
621,0.23583333,0.61455554,0.12272222,0.010777778,0.016111111
622,0.23494445,0.61466664,0.1235,0.010722222,0.016166667
623,0.23455556,0.6141667,0.12433334,0.010777778,0.016166667
624,0.23316666,0.61472225,0.12511112,0.010833333,0.016166667
625,0.2325,0.6145,0.12594445,0.010777778,0.016277777
626,0.23238888,0.61444443,0.126,0.010777778,0.01638889
627,0.23216666,0.61455554,0.1261111,0.010777778,0.01638889
628,0.23177777,0.61472225,0.1261111,0.010611111,0.016777778
629,0.23172222,0.61472225,0.12616667,0.010611111,0.016777778
630,0.23155555,0.6147778,0.12622222,0.010611111,0.016833333
631,0.23138888,0.61483335,0.12622222,0.010388889,0.017166667
632,0.23122223,0.6148889,0.12633333,0.010277778,0.017277777
633,0.23083334,0.61527777,0.12627777,0.010277778,0.017333332
634,0.23072222,0.61516666,0.12644444,0.010333333,0.017333332
635,0.2305,0.6153333,0.12644444,0.010388889,0.017333332
636,0.23044445,0.61516666,0.12661111,0.010444445,0.017333332
637,0.23027778,0.61527777,0.12655556,0.010555555,0.017333332
638,0.23,0.6153889,0.12672222,0.010555555,0.017333332
639,0.22983333,0.6153333,0.12694444,0.010555555,0.017333332
640,0.22972222,0.61527777,0.1271111,0.010555555,0.017333332
641,0.22916667,0.6157778,0.12716667,0.0105,0.01738889
642,0.229,0.6158889,0.12716667,0.010555555,0.01738889
643,0.22866666,0.6162222,0.1271111,0.010611111,0.01738889
644,0.22844444,0.6163333,0.12722223,0.010611111,0.01738889
645,0.22827777,0.6163889,0.12733333,0.010611111,0.01738889
646,0.22805555,0.6165,0.1273889,0.010666667,0.01738889
647,0.22794445,0.61644447,0.12733333,0.010555555,0.017722223
648,0.22777778,0.6165556,0.12733333,0.010555555,0.017777778
649,0.22755556,0.6166111,0.12744445,0.010611111,0.017777778
650,0.22733334,0.6165556,0.12772222,0.010611111,0.017777778
651,0.22677778,0.61705554,0.12755555,0.010777778,0.017833333
652,0.22661111,0.61705554,0.12761112,0.010833333,0.017888889
653,0.22633334,0.61716664,0.12772222,0.010444445,0.018333333
654,0.22622222,0.61722225,0.12777779,0.010444445,0.018333333
655,0.22605556,0.61733335,0.12772222,0.0105,0.01838889
656,0.22594444,0.6173889,0.12766667,0.010277778,0.018722223
657,0.22566667,0.6172778,0.12783334,0.010388889,0.018833334
658,0.22533333,0.6176111,0.12777779,0.010444445,0.018833334
659,0.22483334,0.6180556,0.12772222,0.010555555,0.018833334
660,0.22477777,0.618,0.12777779,0.0105,0.018944444
661,0.22455555,0.6181667,0.12777779,0.010555555,0.018944444
662,0.22422223,0.61822224,0.128,0.010444445,0.019111112
663,0.22383334,0.6185,0.12811111,0.010333333,0.019222222
664,0.2235,0.61866665,0.12805556,0.010555555,0.019222222
665,0.22322223,0.61883336,0.12816666,0.010555555,0.019222222
666,0.223,0.61894447,0.12822223,0.010444445,0.019388888
667,0.22277778,0.6191667,0.12805556,0.010611111,0.019388888
668,0.22255556,0.6191667,0.12811111,0.010611111,0.019555556
669,0.22244444,0.6192778,0.12805556,0.010666667,0.019555556
670,0.22227778,0.6193889,0.128,0.010722222,0.01961111
671,0.22194445,0.61944443,0.128,0.0108888885,0.019722221
672,0.22161111,0.61972225,0.12794444,0.0108888885,0.019833334
673,0.22133334,0.6198889,0.12794444,0.010944445,0.019888889
674,0.22122222,0.62,0.12783334,0.011,0.019944444
675,0.22094445,0.6201111,0.12777779,0.011222222,0.019944444
676,0.22072223,0.62027776,0.12783334,0.011111111,0.020055555
677,0.22066666,0.62027776,0.12766667,0.011277778,0.020111112
678,0.22044444,0.62038887,0.12777779,0.011222222,0.020166667
679,0.22027777,0.6205556,0.12777779,0.010833333,0.020555556
680,0.22022222,0.6205556,0.12777779,0.0108888885,0.020555556
681,0.22005555,0.6206667,0.12777779,0.010944445,0.020555556
682,0.21983333,0.6208889,0.12772222,0.0105,0.021055555
683,0.2195,0.6212222,0.12766667,0.010555555,0.021055555
684,0.2188889,0.6217222,0.12777779,0.010555555,0.021055555
685,0.21877778,0.62166667,0.12788889,0.0105,0.021166667
686,0.21866667,0.62166667,0.12783334,0.010611111,0.021222223
687,0.21844445,0.6218333,0.12788889,0.010611111,0.021222223
688,0.21827778,0.622,0.12783334,0.010555555,0.021333333
689,0.21811111,0.6221111,0.12788889,0.010555555,0.021333333
690,0.21794444,0.6221111,0.12805556,0.010444445,0.021444444
691,0.21766667,0.6222778,0.12816666,0.010388889,0.0215
692,0.2175,0.62244445,0.12811111,0.010444445,0.0215
693,0.21738888,0.62244445,0.12822223,0.010388889,0.021555556
