frame,zone1_ratio,zone2_ratio,zone3_ratio,zone4_ratio,zone5_ratio
1,0.8578333,0.14216666,0.0,0.0,0.0
2,0.8489444,0.14966667,0.0013888889,0.0,0.0
3,0.84855556,0.14522222,0.006222222,0.0,0.0
4,0.84855556,0.14433333,0.007111111,0.0,0.0
5,0.84855556,0.1435,0.007944444,0.0,0.0
6,0.84855556,0.14288889,0.008555556,0.0,0.0
7,0.84855556,0.14233333,0.009111111,0.0,0.0
8,0.84855556,0.14183334,0.009611111,0.0,0.0
9,0.8485,0.14161111,0.009888889,0.0,0.0
10,0.8485,0.14133333,0.0101666665,0.0,0.0
11,0.8485,0.14077778,0.010722222,0.0,0.0
12,0.84844446,0.14066666,0.0108888885,0.0,0.0
13,0.84844446,0.1405,0.011055555,0.0,0.0
14,0.84844446,0.14038889,0.011166667,0.0,0.0
15,0.84844446,0.14016667,0.011388889,0.0,0.0
16,0.84844446,0.14011112,0.011444445,0.0,0.0
17,0.84844446,0.14,0.011555555,0.0,0.0
18,0.84844446,0.13983333,0.011722222,0.0,0.0
19,0.84844446,0.13972223,0.011833333,0.0,0.0
20,0.84844446,0.13966666,0.011888889,0.0,0.0
21,0.84833336,0.13966666,0.012,0.0,0.0
22,0.84833336,0.13961111,0.012055555,0.0,0.0
23,0.84833336,0.13944444,0.012222222,0.0,0.0
24,0.84833336,0.13933334,0.0123333335,0.0,0.0
25,0.84833336,0.13916667,0.0125,0.0,0.0
26,0.84833336,0.139,0.012666667,0.0,0.0
27,0.84833336,0.1388889,0.012777777,0.0,0.0
28,0.8482778,0.13883333,0.012888889,0.0,0.0
29,0.8482778,0.13883333,0.012888889,0.0,0.0
30,0.8482222,0.13877778,0.013,0.0,0.0
31,0.8481111,0.1388889,0.013,0.0,0.0
32,0.8481111,0.13877778,0.013111111,0.0,0.0
33,0.84805554,0.13877778,0.013166667,0.0,0.0
34,0.848,0.13883333,0.013166667,0.0,0.0
35,0.84794444,0.1388889,0.013166667,0.0,0.0
36,0.84794444,0.13877778,0.0132777775,0.0,0.0
37,0.84783334,0.13883333,0.013333334,0.0,0.0
38,0.8476111,0.13905555,0.013333334,0.0,0.0
39,0.8475556,0.13911112,0.013333334,0.0,0.0
40,0.8475,0.13905555,0.013444444,0.0,0.0
41,0.8475,0.13905555,0.013444444,0.0,0.0
42,0.8474444,0.13905555,0.0135,0.0,0.0
43,0.84727776,0.13916667,0.013555556,0.0,0.0
44,0.84716666,0.13927777,0.013555556,0.0,0.0
45,0.84716666,0.13922222,0.013611111,0.0,0.0
46,0.8471111,0.13922222,0.013666667,0.0,0.0
47,0.8471111,0.13911112,0.013777778,0.0,0.0
48,0.84705555,0.13911112,0.013833334,0.0,0.0
49,0.847,0.13911112,0.013888889,0.0,0.0
50,0.847,0.13911112,0.013888889,0.0,0.0
51,0.8468889,0.13911112,0.014,0.0,0.0
52,0.84683335,0.13911112,0.014055556,0.0,0.0
53,0.84672225,0.13916667,0.014111111,0.0,0.0
54,0.8466667,0.13916667,0.014166667,0.0,0.0
55,0.8465,0.13922222,0.014277778,0.0,0.0
56,0.8463889,0.13922222,0.014388889,0.0,0.0
57,0.8463333,0.13927777,0.014388889,0.0,0.0
58,0.8462222,0.13933334,0.014444444,0.0,0.0
59,0.8461111,0.13938889,0.0145,0.0,0.0
60,0.84594446,0.13955556,0.0145,0.0,0.0
61,0.84594446,0.13955556,0.0145,0.0,0.0
62,0.84577775,0.13972223,0.0145,0.0,0.0
63,0.84577775,0.13961111,0.014611111,0.0,0.0
64,0.84566665,0.13972223,0.014611111,0.0,0.0
65,0.8455,0.13983333,0.014666666,0.0,0.0
66,0.84544444,0.13977778,0.014777778,0.0,0.0
67,0.8453889,0.13972223,0.014888889,0.0,0.0
68,0.84533334,0.13972223,0.014944444,0.0,0.0
69,0.84533334,0.13966666,0.015,0.0,0.0
70,0.8451667,0.13977778,0.015055556,0.0,0.0
71,0.8450556,0.13983333,0.015111111,0.0,0.0
72,0.8448333,0.14005555,0.015111111,0.0,0.0
73,0.84477776,0.14011112,0.015111111,0.0,0.0
74,0.84477776,0.13994445,0.015277778,0.0,0.0
75,0.8127222,0.1713889,0.015888888,0.0,0.0
76,0.8042222,0.16166666,0.034111112,0.0,0.0
77,0.8027222,0.15411112,0.043166667,0.0,0.0
78,0.8026111,0.15183334,0.045555554,0.0,0.0
79,0.8025,0.15116666,0.04633333,0.0,0.0
80,0.802,0.15122223,0.046777777,0.0,0.0
81,0.80127776,0.15127778,0.047444444,0.0,0.0
82,0.80083334,0.15133333,0.047833335,0.0,0.0
83,0.80016667,0.15166667,0.048166666,0.0,0.0
84,0.7993889,0.152,0.048611112,0.0,0.0
85,0.79833335,0.15272222,0.048944443,0.0,0.0
86,0.7971111,0.15377778,0.049111113,0.0,0.0
87,0.7958889,0.15466666,0.049444444,0.0,0.0
88,0.79466665,0.15572222,0.04961111,0.0,0.0
89,0.7932778,0.15661111,0.05011111,0.0,0.0
90,0.7923889,0.15705556,0.050555557,0.0,0.0
91,0.7915,0.15777777,0.050722223,0.0,0.0
92,0.79033333,0.1585,0.051166665,0.0,0.0
93,0.7888889,0.1596111,0.0515,0.0,0.0
94,0.7871111,0.16116667,0.05172222,0.0,0.0
95,0.7857222,0.16233334,0.051944446,0.0,0.0
96,0.78405553,0.16372222,0.052222222,0.0,0.0
97,0.7825,0.16505556,0.052333333,1.1111111E-4,0.0
98,0.78055555,0.16666667,0.052666668,1.1111111E-4,0.0
99,0.77805555,0.16872223,0.053055555,1.1111111E-4,5.5555556E-5
100,0.7756111,0.17094444,0.05327778,5.5555556E-5,1.1111111E-4
101,0.77294445,0.17322223,0.053666666,5.5555556E-5,1.1111111E-4
102,0.77022225,0.17538889,0.054111112,1.6666666E-4,1.1111111E-4
103,0.76677775,0.17866667,0.054277778,5.5555556E-5,2.2222222E-4
104,0.76394445,0.181,0.05477778,5.5555556E-5,2.2222222E-4
105,0.7602222,0.18461111,0.05488889,5.5555556E-5,2.2222222E-4
106,0.7565,0.188,0.05522222,5.5555556E-5,2.2222222E-4
107,0.75266665,0.19161111,0.055444445,5.5555556E-5,2.2222222E-4
108,0.7477222,0.19627778,0.05572222,5.5555556E-5,2.2222222E-4
109,0.7423889,0.20116666,0.056166667,5.5555556E-5,2.2222222E-4
110,0.7366667,0.20666666,0.05638889,5.5555556E-5,2.2222222E-4
111,0.7315,0.2115,0.056722224,5.5555556E-5,2.2222222E-4
112,0.7257778,0.21694444,0.057,5.5555556E-5,2.2222222E-4
113,0.72083336,0.22127777,0.05761111,5.5555556E-5,2.2222222E-4
114,0.71455556,0.22711112,0.058055557,5.5555556E-5,2.2222222E-4
115,0.70827776,0.23288889,0.058555555,5.5555556E-5,2.2222222E-4
116,0.7025,0.23822223,0.059,5.5555556E-5,2.2222222E-4
117,0.69472224,0.2455,0.0595,5.5555556E-5,2.2222222E-4
118,0.6878333,0.2515,0.06038889,5.5555556E-5,2.2222222E-4
119,0.6801111,0.25833333,0.061,3.3333333E-4,2.2222222E-4
120,0.67227775,0.26544446,0.061666667,2.2222222E-4,3.8888888E-4
121,0.6645,0.27244446,0.06238889,1.6666666E-4,5.0E-4
122,0.6557222,0.2801111,0.06327778,3.8888888E-4,5.0E-4
123,0.64705557,0.28816667,0.063777775,4.4444445E-4,5.5555557E-4
124,0.639,0.29538888,0.064611115,4.4444445E-4,5.5555557E-4
125,0.61877775,0.31294444,0.067277774,4.4444445E-4,5.5555557E-4
126,0.61433333,0.3165,0.068166666,4.4444445E-4,5.5555557E-4
127,0.61194444,0.31866667,0.06838889,4.4444445E-4,5.5555557E-4
128,0.6103889,0.31994444,0.06861111,5.0E-4,5.5555557E-4
129,0.60911113,0.321,0.068833336,5.0E-4,5.5555557E-4
130,0.60805553,0.3218889,0.069,5.0E-4,5.5555557E-4
131,0.60694444,0.32294443,0.06894445,6.111111E-4,5.5555557E-4
132,0.6056111,0.32405555,0.06916667,6.111111E-4,5.5555557E-4
133,0.60466665,0.32477778,0.06933333,5.5555557E-4,6.6666666E-4
134,0.60355556,0.32583332,0.06938889,5.5555557E-4,6.6666666E-4
135,0.6027222,0.3266111,0.06933333,6.6666666E-4,6.6666666E-4
136,0.6013333,0.32794446,0.06938889,6.111111E-4,7.222222E-4
137,0.60044444,0.32883334,0.06927778,6.6666666E-4,7.7777775E-4
138,0.6000556,0.32916668,0.06927778,6.111111E-4,8.888889E-4
139,0.5990555,0.33016667,0.06927778,5.5555557E-4,9.4444444E-4
140,0.5982222,0.3308889,0.06933333,6.111111E-4,9.4444444E-4
141,0.5976111,0.33144444,0.06933333,6.111111E-4,0.001
142,0.59655553,0.33244446,0.06938889,6.111111E-4,0.001
143,0.5961667,0.33277777,0.06938889,6.111111E-4,0.0010555555
144,0.59555554,0.3332222,0.06955556,5.5555557E-4,0.0011111111
145,0.59477776,0.334,0.0695,6.111111E-4,0.0011111111
146,0.59422225,0.3345,0.0695,6.111111E-4,0.0011666666
147,0.5937778,0.33477777,0.06966667,5.0E-4,0.0012777778
148,0.59283334,0.3356111,0.06977778,5.0E-4,0.0012777778
149,0.5922222,0.33616668,0.06983333,5.0E-4,0.0012777778
150,0.5916111,0.33672222,0.06983333,5.5555557E-4,0.0012777778
151,0.591,0.33711112,0.06994444,6.111111E-4,0.0013333333
152,0.58977777,0.3382778,0.07,6.111111E-4,0.0013333333
153,0.58944446,0.33844444,0.07011111,5.5555557E-4,0.0014444444
154,0.58838886,0.33916667,0.07038889,6.111111E-4,0.0014444444
155,0.5876667,0.33977777,0.07044444,6.6666666E-4,0.0014444444
156,0.5871111,0.3402222,0.07055555,6.6666666E-4,0.0014444444
157,0.58633333,0.34083334,0.07072222,5.5555557E-4,0.0015555555
158,0.5858333,0.34122223,0.07072222,6.6666666E-4,0.0015555555
159,0.5852778,0.34166667,0.07083333,6.6666666E-4,0.0015555555
160,0.5849444,0.34183332,0.07094444,6.111111E-4,0.0016666667
161,0.58455557,0.34216666,0.07094444,6.6666666E-4,0.0016666667
162,0.58383334,0.34272224,0.071,6.6666666E-4,0.0017777778
163,0.5834444,0.34294444,0.071166664,6.6666666E-4,0.0017777778
164,0.583,0.34316668,0.071333334,6.111111E-4,0.0018888889
165,0.5823889,0.34377778,0.071333334,6.111111E-4,0.0018888889
166,0.58166665,0.34433332,0.0715,5.0E-4,0.002
167,0.5811667,0.3446111,0.071722224,5.0E-4,0.002
168,0.58066666,0.3448889,0.071833335,6.111111E-4,0.002
169,0.58005553,0.3453889,0.07188889,5.5555557E-4,0.002111111
170,0.5796111,0.34572223,0.072,5.5555557E-4,0.002111111
171,0.57905555,0.34622222,0.072055556,5.5555557E-4,0.002111111
172,0.57861114,0.34655556,0.07211111,6.111111E-4,0.002111111
173,0.5781111,0.34705555,0.07211111,6.111111E-4,0.002111111
174,0.5777778,0.3472222,0.07227778,5.5555557E-4,0.0021666666
175,0.57733333,0.3475,0.07244445,5.5555557E-4,0.0021666666
176,0.5771111,0.3476111,0.07255556,5.5555557E-4,0.0021666666
177,0.57666665,0.3478889,0.07272222,5.0E-4,0.0022222223
178,0.57611114,0.348,0.07316667,5.0E-4,0.0022222223
179,0.5756111,0.34822223,0.07344444,5.0E-4,0.0022222223
180,0.5753889,0.34838888,0.07338889,6.111111E-4,0.0022222223
181,0.57483333,0.34866667,0.07355556,6.6666666E-4,0.0022777778
182,0.5742222,0.34916666,0.07366667,6.6666666E-4,0.0022777778
183,0.57361114,0.34966666,0.07377778,6.6666666E-4,0.0022777778
184,0.573,0.35022223,0.07383333,6.6666666E-4,0.0022777778
185,0.5727222,0.35044444,0.07388889,6.6666666E-4,0.0022777778
186,0.5721667,0.35077778,0.074,7.7777775E-4,0.0022777778
187,0.57155555,0.35122222,0.07411111,7.7777775E-4,0.0023333333
188,0.5713889,0.35122222,0.07427778,7.7777775E-4,0.0023333333
189,0.5708889,0.35155556,0.07444444,7.222222E-4,0.002388889
190,0.57044446,0.3518889,0.07455555,7.222222E-4,0.002388889
191,0.56994444,0.3522778,0.074666664,7.222222E-4,0.002388889
192,0.5695556,0.3525,0.07483333,7.222222E-4,0.002388889
193,0.5692222,0.3525,0.07511111,7.7777775E-4,0.002388889
194,0.5691111,0.35244444,0.075222224,8.3333335E-4,0.002388889
195,0.5686111,0.35283333,0.075333335,7.7777775E-4,0.0024444445
196,0.568,0.35338888,0.075388886,7.7777775E-4,0.0024444445
197,0.5673889,0.3537222,0.0755,9.4444444E-4,0.0024444445
198,0.5668333,0.3542222,0.075555556,9.4444444E-4,0.0024444445
199,0.5665,0.3543889,0.075666666,0.001,0.0024444445
200,0.53816664,0.3756111,0.08177778,0.0018333333,0.0026111112
201,0.52794445,0.37833333,0.088,0.0024444445,0.0032777777
202,0.51555556,0.38644445,0.092,0.0025,0.0035
203,0.5022778,0.39672223,0.09466667,0.0025,0.0038333333
204,0.48583335,0.41144446,0.09622222,0.002,0.0045
205,0.4722778,0.42305556,0.09811111,0.0018333333,0.004722222
206,0.4585,0.43505555,0.09977778,0.0019444445,0.004722222
207,0.44505554,0.4465,0.10161111,0.0020555556,0.004777778
208,0.432,0.4582222,0.10283333,0.0020555556,0.004888889
209,0.42077777,0.46755555,0.10461111,0.0020555556,0.005
210,0.4101111,0.47655556,0.10627778,0.002,0.0050555556
211,0.40005556,0.48483333,0.108055554,0.002,0.0050555556
212,0.3912222,0.49216667,0.10944445,0.002111111,0.0050555556
213,0.384,0.49744445,0.11116666,0.0022222223,0.0051666666
214,0.37716666,0.5032222,0.112166665,0.0022222223,0.0052222223
215,0.36816666,0.51111114,0.11305556,0.002388889,0.0052777776
216,0.35966668,0.5182222,0.11427778,0.0023333333,0.0055
217,0.3525,0.5242778,0.11533333,0.0022222223,0.0056666667
218,0.34455556,0.531,0.116222225,0.0024444445,0.0057777776
219,0.33861113,0.536,0.11694445,0.002388889,0.006055556
220,0.33294445,0.54105556,0.11744444,0.0022777778,0.0062777777
221,0.3275,0.5448889,0.119,0.0022777778,0.0063333334
222,0.32272223,0.54866666,0.119944446,0.0022777778,0.0063888887
223,0.31844443,0.5521111,0.12077778,0.0022777778,0.0063888887
224,0.31377777,0.5555556,0.12188889,0.002388889,0.0063888887
225,0.30983335,0.55855554,0.122777775,0.0023333333,0.0065
226,0.30605555,0.5613889,0.123722225,0.0022777778,0.0065555554
227,0.30238888,0.5645555,0.12405556,0.0024444445,0.0065555554
228,0.2987222,0.56755555,0.12461111,0.0024444445,0.006666667
229,0.29533333,0.57016665,0.12533334,0.0025,0.006666667
230,0.29233333,0.57233334,0.126,0.0026666666,0.006666667
231,0.28916666,0.5748889,0.12627777,0.003,0.006666667
232,0.28694445,0.5765,0.12688889,0.0028333333,0.0068333335
233,0.2848889,0.5777778,0.12755555,0.0029444445,0.0068333335
234,0.28227776,0.57944447,0.12844445,0.0028888888,0.0069444445
235,0.2795,0.5818889,0.12855555,0.0030555555,0.007
236,0.2771111,0.5836667,0.12916666,0.003,0.0070555555
237,0.27533334,0.58455557,0.12994444,0.003111111,0.0070555555
238,0.2732778,0.58566666,0.1306111,0.003388889,0.0070555555
239,0.27133334,0.58694446,0.13116667,0.0035,0.0070555555
240,0.26922223,0.58816665,0.1318889,0.0035555556,0.0071666664
241,0.2675,0.5887778,0.1325,0.003888889,0.007333333
242,0.26566666,0.5900556,0.13283333,0.0037222223,0.0077222222
243,0.26405555,0.5911111,0.13327777,0.0038333333,0.0077222222
244,0.26266667,0.59205556,0.13338889,0.004166667,0.0077222222
245,0.261,0.5928889,0.13383333,0.004333333,0.007944444
246,0.25966668,0.5933333,0.13466667,0.004333333,0.008
247,0.25816667,0.5941111,0.13516666,0.0045555555,0.008
248,0.2567222,0.5946111,0.13605556,0.004388889,0.008222222
249,0.25516668,0.5952778,0.13683334,0.004388889,0.008333334
250,0.25277779,0.59544444,0.139,0.0044444446,0.008333334
251,0.25166667,0.5957222,0.1395,0.004777778,0.008333334
252,0.2515,0.5956111,0.13916667,0.0052777776,0.008444444
253,0.25127777,0.5956111,0.13933334,0.005,0.008777778
254,0.25105557,0.5956111,0.13916667,0.0052222223,0.008944444
255,0.25066668,0.59594446,0.139,0.005388889,0.009
256,0.25055555,0.59583336,0.13911112,0.005388889,0.009111111
257,0.2503889,0.59594446,0.13911112,0.0053333333,0.0092222225
258,0.2502778,0.596,0.13916667,0.0052222223,0.009333333
259,0.24988888,0.5961667,0.13922222,0.0052777776,0.009444444
260,0.24966666,0.5963333,0.13894445,0.005611111,0.009444444
261,0.24933334,0.5966111,0.13883333,0.0056666667,0.009555556
262,0.24877778,0.5971111,0.13877778,0.0055555557,0.009777778
263,0.24844444,0.5973333,0.13872223,0.0057222224,0.009777778
264,0.248,0.5977778,0.13866666,0.0057222224,0.009833333
265,0.24766667,0.59805554,0.13861111,0.0057222224,0.0099444445
266,0.24733333,0.5982222,0.13844444,0.006,0.01
267,0.24705556,0.5982778,0.13861111,0.006055556,0.01
268,0.24683334,0.5983889,0.13855556,0.0061666667,0.010055556
269,0.24677777,0.5983889,0.1385,0.0062777777,0.010055556
270,0.24661112,0.59855556,0.13844444,0.0063333334,0.010055556
271,0.2465,0.59866667,0.13833334,0.0063888887,0.010111111
272,0.24627778,0.5987222,0.1385,0.0063888887,0.010111111
273,0.24588889,0.5988333,0.13872223,0.0064444444,0.010111111
274,0.24566667,0.5988889,0.13872223,0.0065555554,0.0101666665
275,0.24522223,0.5991667,0.13877778,0.0065555554,0.010277778
276,0.24505556,0.5992778,0.13866666,0.006722222,0.010277778
277,0.24477778,0.59944445,0.13866666,0.0068333335,0.010277778
278,0.24455556,0.5996111,0.1385,0.007,0.010333333
279,0.24388888,0.59977776,0.13883333,0.0071666664,0.010333333
280,0.24366666,0.5998333,0.13894445,0.007111111,0.010444445
281,0.24333334,0.6,0.13911112,0.007111111,0.010444445
282,0.24305555,0.6001667,0.139,0.007333333,0.010444445
283,0.24244444,0.60066664,0.13911112,0.007333333,0.010444445
284,0.24233334,0.6007222,0.13905555,0.007222222,0.010666667
285,0.24205555,0.60094446,0.13905555,0.007277778,0.010666667
286,0.2418889,0.60105556,0.13894445,0.007277778,0.010833333
287,0.24166666,0.6011111,0.13905555,0.007333333,0.010833333
288,0.24111111,0.6015,0.13894445,0.0076111113,0.010833333
289,0.24077778,0.60161114,0.13905555,0.0075555556,0.011
290,0.24055555,0.60183334,0.13872223,0.007888889,0.011
291,0.24027778,0.602,0.13877778,0.007888889,0.011055555
292,0.24011111,0.60194445,0.13883333,0.008,0.011111111
293,0.23966667,0.60227776,0.1388889,0.007944444,0.011222222
294,0.23911111,0.60283333,0.13877778,0.007888889,0.011388889
295,0.23877777,0.6031111,0.13883333,0.007888889,0.011388889
296,0.2385,0.60333335,0.13872223,0.008,0.011444445
297,0.23805556,0.60377777,0.13861111,0.008055556,0.0115
298,0.2375,0.6042778,0.13855556,0.008111111,0.011555555
299,0.237,0.6047222,0.13855556,0.008166667,0.011555555
300,0.23644444,0.6052222,0.13861111,0.008055556,0.011666667
301,0.23583333,0.60583335,0.13861111,0.007333333,0.012388889
302,0.23561111,0.6057778,0.13877778,0.007388889,0.012444444
303,0.23516667,0.6061111,0.1388889,0.007333333,0.0125
304,0.23472223,0.60638887,0.13905555,0.007333333,0.0125
305,0.23438889,0.60661113,0.13916667,0.007333333,0.0125
306,0.23394445,0.6068889,0.13916667,0.0074444446,0.012555555
307,0.23377778,0.60705554,0.139,0.0076111113,0.012555555
308,0.23333333,0.60716665,0.13894445,0.0076111113,0.012944444
309,0.23294444,0.60755557,0.13877778,0.0077222222,0.013
310,0.23283334,0.60755557,0.13861111,0.0077222222,0.0132777775
311,0.23244445,0.6079444,0.13861111,0.0074444446,0.013555556
312,0.23211111,0.6082778,0.13861111,0.007277778,0.013722222
313,0.2315,0.60877776,0.13861111,0.0071666664,0.013944444
314,0.23122223,0.6089444,0.13861111,0.0071666664,0.014055556
315,0.231,0.6091667,0.13855556,0.0071666664,0.014111111
316,0.23055555,0.6096111,0.1385,0.007111111,0.014222222
317,0.23016667,0.6098889,0.13861111,0.007,0.014333333
318,0.22961111,0.6102778,0.13866666,0.0069444445,0.0145
319,0.22927777,0.6104444,0.13866666,0.007,0.014611111
320,0.22888888,0.61072224,0.13872223,0.0070555555,0.014611111
321,0.22838889,0.61105555,0.13877778,0.007,0.014777778
322,0.228,0.6114445,0.13872223,0.007,0.014833333
323,0.2275,0.6118889,0.13872223,0.007,0.014888889
324,0.22705555,0.61216664,0.1388889,0.007,0.014888889
325,0.223,0.6045,0.14961112,0.0069444445,0.015944444
326,0.22094445,0.6013333,0.15472223,0.0065555554,0.016444445
327,0.21622223,0.60411114,0.15633333,0.006722222,0.01661111
328,0.2135,0.60433334,0.15877777,0.0065555554,0.016833333
329,0.2106111,0.6038333,0.16216667,0.0065,0.016888889
330,0.209,0.60183334,0.16577777,0.0064444444,0.016944444
331,0.20644444,0.60105556,0.16911112,0.0064444444,0.016944444
332,0.20394444,0.5988889,0.17372222,0.0065,0.016944444
333,0.20222223,0.59694445,0.17727777,0.0065555554,0.017
334,0.2001111,0.59577775,0.1805,0.0065555554,0.017055556
335,0.19861111,0.5941111,0.18361111,0.0065555554,0.017111111
336,0.19755556,0.59283334,0.18588889,0.0065555554,0.017166667
337,0.1966111,0.59194446,0.18766667,0.006611111,0.017166667
338,0.19555555,0.59066665,0.1898889,0.006611111,0.017277777
339,0.19422223,0.5895,0.19238889,0.0064444444,0.017444445
340,0.19327778,0.5884445,0.19427778,0.0064444444,0.017555555
341,0.1921111,0.587,0.19683333,0.0065,0.017555555
342,0.19094445,0.5858333,0.199,0.006666667,0.017555555
343,0.18944444,0.58405554,0.20205556,0.0068333335,0.01761111
344,0.18877777,0.58272225,0.204,0.0068333335,0.017666666
345,0.18783334,0.581,0.20655556,0.0068333335,0.017777778
346,0.18711111,0.58,0.2081111,0.006888889,0.017888889
347,0.18622223,0.57916665,0.20966667,0.0069444445,0.018
348,0.18516667,0.57827777,0.21155556,0.006722222,0.018277777
349,0.18455556,0.57755554,0.21288888,0.006666667,0.018333333
350,0.18377778,0.57666665,0.2145,0.006722222,0.018333333
351,0.1835,0.57555556,0.21583334,0.006777778,0.018333333
352,0.18294445,0.5745,0.21744445,0.006722222,0.01838889
353,0.18227778,0.5731111,0.21944444,0.006777778,0.01838889
354,0.182,0.5716111,0.22122222,0.006777778,0.01838889
355,0.1816111,0.5706111,0.22255556,0.0068333335,0.01838889
356,0.18111111,0.5696667,0.22388889,0.006722222,0.01861111
357,0.18077777,0.5692222,0.22466667,0.006722222,0.01861111
358,0.1806111,0.56777775,0.22627778,0.006722222,0.01861111
359,0.18016666,0.5667222,0.22777778,0.006722222,0.01861111
360,0.1795,0.566,0.2291111,0.006666667,0.018722223
361,0.17883334,0.5653889,0.2303889,0.006666667,0.018722223
362,0.17827778,0.5647778,0.23144445,0.0065555554,0.018944444
363,0.1781111,0.5637778,0.23233333,0.0068333335,0.018944444
364,0.17783333,0.5629445,0.23333333,0.006888889,0.019
365,0.17744444,0.5618333,0.23461111,0.0069444445,0.019166667
366,0.17722222,0.5613889,0.23511112,0.0070555555,0.019222222
367,0.17655556,0.56144446,0.23566666,0.0070555555,0.019277778
368,0.17616667,0.5605,0.23677778,0.0070555555,0.0195
369,0.1758889,0.5596667,0.23761111,0.0071666664,0.019666666
370,0.17555556,0.55894446,0.23861112,0.007222222,0.019666666
371,0.17516667,0.5587222,0.23916666,0.007277778,0.019666666
372,0.1745,0.55811113,0.24044445,0.007222222,0.019722221
373,0.17394444,0.55733335,0.24172223,0.007277778,0.019722221
374,0.17377777,0.5568889,0.24205555,0.007388889,0.019888889
375,0.1725,0.5567222,0.24344444,0.007388889,0.019944444
376,0.17205556,0.5565,0.244,0.0075,0.019944444
377,0.172,0.5562222,0.24427778,0.0074444446,0.020055555
378,0.172,0.5561111,0.2443889,0.007333333,0.020166667
379,0.17194444,0.55605555,0.24444444,0.007277778,0.020277778
380,0.17177778,0.5561111,0.24455556,0.007277778,0.020277778
381,0.1715,0.5562222,0.24461111,0.007388889,0.020277778
382,0.1715,0.55605555,0.24477778,0.007277778,0.020388888
383,0.17144445,0.556,0.24488889,0.007277778,0.020388888
384,0.1713889,0.55583334,0.24488889,0.0075,0.020388888
385,0.17127778,0.5558889,0.24494444,0.0074444446,0.020444445
386,0.17122222,0.5558889,0.245,0.007333333,0.020555556
387,0.17116667,0.55572224,0.24511111,0.007222222,0.020777779
388,0.1711111,0.5554444,0.2453889,0.007222222,0.020833334
389,0.17105556,0.5553333,0.24544445,0.007333333,0.020833334
390,0.171,0.55505556,0.24577777,0.007277778,0.02088889
391,0.171,0.55494446,0.24577777,0.007388889,0.02088889
392,0.17094444,0.5548889,0.24588889,0.007388889,0.02088889
393,0.17083333,0.55472225,0.24616666,0.007277778,0.021
394,0.17077778,0.5546111,0.24633333,0.0071666664,0.02111111
395,0.17072222,0.5546111,0.24638888,0.007111111,0.021166667
396,0.17055556,0.5546111,0.24633333,0.007277778,0.021222223
397,0.17044444,0.55455554,0.24611111,0.0075555556,0.021333333
398,0.17038889,0.5545,0.24616666,0.0075,0.021444444
399,0.17022222,0.55455554,0.24616666,0.007277778,0.021777777
400,0.17016667,0.5546111,0.24605556,0.007277778,0.02188889
401,0.17005555,0.5546111,0.24616666,0.0071666664,0.022
402,0.16994445,0.5542222,0.24661112,0.0071666664,0.022055555
403,0.16994445,0.5541667,0.24661112,0.007222222,0.022055555
404,0.16983333,0.5540556,0.24672222,0.007222222,0.022166668
405,0.16977778,0.5540556,0.24672222,0.007277778,0.022166668
406,0.16955556,0.5542778,0.24666667,0.007222222,0.022277778
407,0.16955556,0.55394447,0.24677777,0.007333333,0.022388889
408,0.16944444,0.5538889,0.24683334,0.007333333,0.0225
409,0.16933334,0.5538889,0.24688889,0.007277778,0.022611111
410,0.16927777,0.5538889,0.24694444,0.007277778,0.022611111
411,0.16905555,0.5538889,0.24716666,0.007277778,0.022611111
412,0.16894445,0.55377775,0.24727778,0.007333333,0.022666667
413,0.16888888,0.55355555,0.24744445,0.007388889,0.022722222
414,0.16877778,0.55344445,0.24755555,0.0074444446,0.022777777
415,0.16866666,0.55344445,0.2476111,0.0075,0.022777777
416,0.16855556,0.5533889,0.2476111,0.0076111113,0.022833332
417,0.1685,0.55344445,0.2476111,0.0074444446,0.023
418,0.16838889,0.55333334,0.24777777,0.0075,0.023
419,0.16838889,0.55322224,0.24766667,0.0077222222,0.023
420,0.16827779,0.55322224,0.24772222,0.007777778,0.023
421,0.16822222,0.5530556,0.24777777,0.007944444,0.023
422,0.16811112,0.55311114,0.24777777,0.007944444,0.023055555
423,0.1678889,0.5531667,0.2478889,0.007888889,0.023166666
424,0.16783333,0.55322224,0.24783333,0.007944444,0.023166666
425,0.16755556,0.5533889,0.24783333,0.008055556,0.023166666
426,0.16738889,0.5533889,0.2478889,0.008,0.023333333
427,0.16711111,0.55344445,0.24811111,0.008,0.023333333
428,0.16711111,0.5533889,0.24811111,0.007888889,0.0235
429,0.1668889,0.55344445,0.24811111,0.008055556,0.0235
430,0.16666667,0.5535,0.24816667,0.008,0.023666667
431,0.1666111,0.5533889,0.24827778,0.008055556,0.023666667
432,0.16644445,0.5535,0.24833333,0.008055556,0.023666667
433,0.16644445,0.55322224,0.2485,0.008166667,0.023666667
434,0.16616666,0.5532778,0.24872223,0.008111111,0.023722222
435,0.16588889,0.5535,0.24877778,0.008111111,0.023722222
436,0.16572222,0.5536111,0.24883333,0.008111111,0.023722222
437,0.16566667,0.55344445,0.24905555,0.008111111,0.023722222
438,0.16544445,0.55355555,0.24916667,0.008111111,0.023722222
439,0.165,0.5538889,0.24922222,0.008166667,0.023722222
440,0.16483334,0.55394447,0.24933334,0.008166667,0.023722222
441,0.16477777,0.55377775,0.24955556,0.008166667,0.023722222
442,0.16461112,0.5538889,0.24961111,0.008166667,0.023722222
443,0.1643889,0.55377775,0.24972223,0.008,0.02411111
444,0.16427778,0.55366665,0.24988888,0.008,0.024166666
445,0.16411111,0.5536111,0.25,0.008055556,0.024222223
446,0.16394444,0.5537222,0.25,0.007944444,0.024388889
447,0.16388889,0.5537222,0.25005555,0.007833334,0.0245
448,0.16372222,0.55377775,0.2501111,0.007833334,0.024555556
449,0.16355556,0.55394447,0.25005555,0.007888889,0.024555556
450,0.16261111,0.5465556,0.25838888,0.0077222222,0.024722222
451,0.16183333,0.5426111,0.2631111,0.0077222222,0.024722222
452,0.15955555,0.5426667,0.26533332,0.0077222222,0.024722222
453,0.15866667,0.54105556,0.26777777,0.007777778,0.024722222
454,0.15788889,0.53955555,0.26988888,0.007777778,0.024888888
455,0.15744445,0.5389444,0.2707778,0.007888889,0.024944445
456,0.15677778,0.53716666,0.2732222,0.007777778,0.025055556
457,0.15572222,0.5363889,0.27505556,0.007777778,0.025055556
458,0.15505555,0.53488886,0.2771111,0.007833334,0.02511111
459,0.1545,0.5342778,0.27805555,0.0077222222,0.025444444
460,0.15411112,0.53355557,0.279,0.007888889,0.025444444
461,0.15377778,0.53261113,0.28022224,0.007888889,0.0255
462,0.15322222,0.5316667,0.28166667,0.007944444,0.0255
463,0.1528889,0.5303889,0.28305554,0.008166667,0.0255
464,0.15255556,0.52933335,0.28433332,0.008222222,0.025555555
465,0.15244444,0.5287222,0.28505555,0.008166667,0.025611112
466,0.15172222,0.52816665,0.28627777,0.008111111,0.025722222
467,0.1515,0.5275,0.28705555,0.008222222,0.025722222
468,0.15116666,0.5263889,0.28844443,0.008277778,0.025722222
469,0.15088889,0.5253889,0.28966665,0.008166667,0.025888888
470,0.15077777,0.5234445,0.2916111,0.008277778,0.025888888
471,0.15055555,0.5223333,0.29283333,0.008333334,0.025944445
472,0.15016666,0.52111113,0.2943889,0.008388889,0.025944445
473,0.14983334,0.5199444,0.29566666,0.008444444,0.026111111
474,0.14955555,0.5195,0.2963889,0.008444444,0.026111111
475,0.14922222,0.51872224,0.2975,0.008444444,0.026111111
476,0.14888889,0.5171667,0.29933333,0.0085,0.026111111
477,0.14866666,0.51633334,0.30033332,0.0085,0.026166666
478,0.14844444,0.51505554,0.30183333,0.0085,0.026166666
479,0.1481111,0.5144445,0.30266666,0.008611111,0.026166666
480,0.14783333,0.5136667,0.30333334,0.009,0.026166666
481,0.14766666,0.5127222,0.30433333,0.009111111,0.026166666
482,0.1475,0.512,0.30494446,0.009333333,0.026222222
483,0.14705555,0.5115,0.3058889,0.009333333,0.026222222
484,0.14683333,0.5108333,0.30666667,0.009333333,0.026333334
485,0.14655556,0.51016665,0.30744445,0.009444444,0.02638889
486,0.14627777,0.5096111,0.30822223,0.009388889,0.0265
487,0.14611112,0.5087778,0.30916667,0.009444444,0.0265
488,0.14572223,0.5083889,0.30983335,0.0095,0.026555555
489,0.14555556,0.5075,0.3108889,0.0095,0.026555555
490,0.14538889,0.507,0.31144443,0.009555556,0.02661111
491,0.14527778,0.5067222,0.31161112,0.009666666,0.026722223
492,0.14511111,0.50622225,0.31216666,0.009722223,0.026777778
493,0.1448889,0.5058889,0.31216666,0.010055556,0.027
494,0.1446111,0.50544447,0.31244445,0.010444445,0.027055556
495,0.14444445,0.50527775,0.31272224,0.010388889,0.027166666
496,0.14411111,0.50527775,0.31294444,0.010444445,0.027222222
497,0.14383334,0.50505555,0.31327778,0.010555555,0.027277777
498,0.14366667,0.5045,0.31377777,0.010666667,0.02738889
499,0.14355555,0.50405556,0.3141111,0.010833333,0.027444445
500,0.14272222,0.5036111,0.31522223,0.010666667,0.027777778
501,0.14227778,0.5038889,0.31533334,0.0105,0.028
502,0.14205556,0.5037778,0.31555554,0.010444445,0.028166667
503,0.14205556,0.50372225,0.31544444,0.010611111,0.028166667
504,0.142,0.5037778,0.31544444,0.010555555,0.028222222
505,0.142,0.50355554,0.31555554,0.010611111,0.028277777
506,0.142,0.50344443,0.31544444,0.010777778,0.028333334
507,0.142,0.5032222,0.31566668,0.010666667,0.028444445
508,0.142,0.5031667,0.31566668,0.010555555,0.02861111
509,0.14188889,0.5031111,0.31566668,0.010666667,0.028666666
510,0.14183334,0.5030556,0.31577778,0.010611111,0.028722223
511,0.14183334,0.50294447,0.31561112,0.010777778,0.028833333
512,0.14166667,0.50277776,0.31561112,0.011111111,0.028833333
513,0.14155556,0.50266665,0.3155,0.011444445,0.028833333
514,0.1415,0.50266665,0.3153889,0.011444445,0.029
515,0.14144444,0.5025,0.31561112,0.011388889,0.029055556
516,0.14127778,0.50255555,0.31566668,0.011444445,0.029055556
517,0.14127778,0.5025,0.31566668,0.011388889,0.029166667
518,0.14127778,0.5025,0.31561112,0.011444445,0.029166667
519,0.14116667,0.5026111,0.31561112,0.011444445,0.029166667
520,0.141,0.5026111,0.31577778,0.011333333,0.029277777
521,0.141,0.5026111,0.31572223,0.011388889,0.029277777
522,0.14088888,0.5025,0.31588888,0.011333333,0.02938889
523,0.14088888,0.5025,0.31588888,0.011333333,0.02938889
524,0.14088888,0.5023889,0.316,0.011222222,0.0295
525,0.14083333,0.50244445,0.316,0.011222222,0.0295
526,0.14083333,0.50244445,0.316,0.011166667,0.029555555
527,0.14077778,0.50244445,0.31605557,0.011111111,0.02961111
528,0.14061111,0.5026111,0.31605557,0.011111111,0.02961111
529,0.14055556,0.50266665,0.31594443,0.011166667,0.029666666
530,0.1405,0.5026111,0.31605557,0.011111111,0.029722223
531,0.14044444,0.50266665,0.31605557,0.011111111,0.029722223
532,0.14044444,0.5025,0.31622222,0.011111111,0.029722223
533,0.14038889,0.50244445,0.31627777,0.011166667,0.029722223
534,0.14038889,0.5023889,0.31633332,0.011166667,0.029722223
535,0.14033334,0.5019444,0.31666666,0.011277778,0.029777778
536,0.14033334,0.5018333,0.3167222,0.011222222,0.029888889
537,0.14027777,0.5018333,0.31633332,0.011444445,0.030111112
538,0.14027777,0.50155556,0.3165,0.011555555,0.030111112
539,0.14022222,0.5016111,0.31644446,0.0115,0.030222222
540,0.14011112,0.50166667,0.31627777,0.011722222,0.030222222
541,0.13994445,0.5018333,0.31627777,0.011722222,0.030222222
542,0.13988888,0.50177777,0.31638888,0.011722222,0.030222222
543,0.13988888,0.50166667,0.31644446,0.011777778,0.030222222
544,0.13988888,0.50133336,0.31677777,0.011777778,0.030222222
545,0.13977778,0.5013889,0.31677777,0.011833333,0.030222222
546,0.13966666,0.5013889,0.31677777,0.011944445,0.030222222
547,0.13961111,0.50144446,0.31677777,0.011944445,0.030222222
548,0.13955556,0.5013889,0.31683335,0.012,0.030222222
549,0.1395,0.50133336,0.31694445,0.011888889,0.030333333
550,0.1395,0.5012222,0.31705555,0.011888889,0.030333333
551,0.1395,0.5011111,0.31716666,0.011888889,0.030333333
552,0.1395,0.50083333,0.31744444,0.011888889,0.030333333
553,0.1395,0.5007222,0.31755555,0.011888889,0.030333333
554,0.13944444,0.5007222,0.31755555,0.011944445,0.030333333
555,0.13927777,0.5008889,0.3175,0.011944445,0.030388888
556,0.13927777,0.50083333,0.3175,0.012,0.030388888
557,0.13905555,0.50105554,0.3173889,0.012055555,0.030444445
558,0.13894445,0.501,0.31755555,0.012055555,0.030444445
559,0.13894445,0.501,0.31755555,0.012055555,0.030444445
560,0.13872223,0.5012222,0.31755555,0.012055555,0.030444445
561,0.13866666,0.50116664,0.3176111,0.012111112,0.030444445
562,0.13861111,0.50116664,0.31766668,0.012111112,0.030444445
563,0.13861111,0.5008889,0.31794444,0.012111112,0.030444445
564,0.13844444,0.5008889,0.318,0.012166667,0.0305
565,0.13844444,0.5007222,0.31805557,0.012277778,0.0305
566,0.13844444,0.5006667,0.31811112,0.012277778,0.0305
567,0.13827778,0.5006667,0.31811112,0.012277778,0.030666666
568,0.13811111,0.5006667,0.31827778,0.012277778,0.030666666
569,0.13811111,0.5005556,0.31816667,0.012444444,0.030722221
570,0.138,0.5006667,0.318,0.012611111,0.030722221
571,0.13783333,0.5004445,0.31833333,0.012666667,0.030722221
572,0.13772222,0.50016665,0.31872222,0.012666667,0.030722221
573,0.13755555,0.50016665,0.3188889,0.012611111,0.030777778
574,0.13738889,0.50027776,0.31894445,0.012611111,0.030777778
575,0.13688889,0.4926111,0.32644445,0.0125,0.031555556
576,0.13638888,0.48916668,0.33027777,0.012277778,0.031888887
577,0.1353889,0.48855555,0.33183333,0.012166667,0.032055557
578,0.13472222,0.48772222,0.3332778,0.012166667,0.032111112
579,0.1343889,0.48683333,0.33433333,0.0123333335,0.032111112
580,0.1341111,0.48605555,0.33533335,0.012388889,0.032111112
581,0.13394445,0.48533332,0.33605555,0.012444444,0.032222223
582,0.13361111,0.48483333,0.33683333,0.0125,0.032222223
583,0.13327777,0.48405555,0.33794445,0.0125,0.032222223
584,0.13305555,0.4831111,0.33905557,0.012555555,0.032222223
585,0.13266666,0.48294446,0.33938888,0.012777777,0.032222223
586,0.13222222,0.48266667,0.33994445,0.012777777,0.03238889
587,0.13205555,0.48222223,0.3405,0.012722222,0.0325
588,0.1318889,0.48194444,0.34072223,0.012944444,0.0325
589,0.13172223,0.48166665,0.3408889,0.013166667,0.032555554
590,0.13144444,0.48133335,0.34133333,0.0130555555,0.032833334
591,0.13138889,0.48077777,0.34194446,0.012944444,0.032944445
592,0.13122222,0.48027778,0.3425,0.013,0.033
593,0.13105555,0.4795,0.34322223,0.013111111,0.03311111
594,0.13094445,0.47844446,0.34344444,0.014055556,0.03311111
595,0.13094445,0.47755554,0.3441111,0.0135,0.033888888
596,0.13055556,0.47705555,0.34477776,0.0135,0.034111112
597,0.13044444,0.47627777,0.34566668,0.013388889,0.034222223
598,0.13027778,0.47527778,0.34683332,0.013222222,0.03438889
599,0.13016666,0.4741111,0.34794444,0.013333334,0.034444444
600,0.12994444,0.47327778,0.34894446,0.013388889,0.034444444
601,0.12988889,0.4725,0.34972224,0.013388889,0.0345
602,0.12972222,0.4718889,0.3505,0.013388889,0.0345
603,0.12972222,0.47111112,0.35127777,0.013388889,0.0345
604,0.12944445,0.47072223,0.35194445,0.013388889,0.0345
605,0.12922223,0.47022223,0.35266668,0.013388889,0.0345
606,0.12883334,0.4701111,0.35316667,0.013388889,0.0345
607,0.12877777,0.46922222,0.35405555,0.013444444,0.0345
608,0.12877777,0.46872222,0.35455555,0.013444444,0.0345
609,0.12861112,0.46816668,0.35527778,0.013333334,0.03461111
610,0.12833333,0.4676111,0.3561111,0.013333334,0.03461111
611,0.12822223,0.46666667,0.35716668,0.013333334,0.03461111
612,0.128,0.46622223,0.35783333,0.013333334,0.03461111
613,0.12783334,0.46566668,0.35855556,0.013333334,0.03461111
614,0.12783334,0.46494445,0.35922223,0.0130555555,0.034944445
615,0.12772222,0.46433333,0.35994443,0.0130555555,0.034944445
616,0.12761112,0.464,0.36016667,0.013166667,0.035055555
617,0.1275,0.4635,0.36066666,0.013222222,0.03511111
618,0.1273889,0.4633889,0.3608889,0.013166667,0.035166666
619,0.12727778,0.4631111,0.3612778,0.013111111,0.03522222
620,0.12727778,0.4626111,0.36177778,0.013111111,0.03522222
621,0.12722223,0.4623889,0.36205557,0.013111111,0.03522222
622,0.12716667,0.46216667,0.36233333,0.013111111,0.03522222
623,0.12705556,0.46177778,0.36283332,0.0130555555,0.035277776
624,0.12694444,0.4615,0.3632222,0.013,0.03533333
625,0.12566666,0.46177778,0.36416668,0.012944444,0.035444446
626,0.12516667,0.46205556,0.36422223,0.0130555555,0.0355
627,0.125,0.46222222,0.36422223,0.013,0.035555556
628,0.12483333,0.4623889,0.36416668,0.012888889,0.035722222
629,0.12477778,0.4623889,0.36422223,0.012666667,0.035944443
630,0.12466667,0.46244445,0.36427778,0.012611111,0.036
631,0.12466667,0.4623889,0.36433333,0.012611111,0.036
632,0.12466667,0.46222222,0.3645,0.012611111,0.036
633,0.12466667,0.46222222,0.3645,0.012611111,0.036
634,0.12466667,0.46222222,0.36438888,0.012722222,0.036
635,0.12466667,0.46222222,0.36438888,0.012722222,0.036
636,0.12455556,0.46233332,0.36438888,0.012666667,0.036055554
637,0.12455556,0.46227777,0.36444443,0.012666667,0.036055554
638,0.1245,0.46227777,0.36444443,0.012722222,0.036055554
639,0.12444445,0.46227777,0.3645,0.012722222,0.036055554
640,0.12444445,0.46227777,0.36444443,0.012666667,0.036166668
641,0.12444445,0.46211112,0.36461112,0.012611111,0.036222223
642,0.12444445,0.46211112,0.36461112,0.012555555,0.03627778
643,0.12444445,0.46205556,0.36466667,0.0125,0.036333334
644,0.12438889,0.46205556,0.36472222,0.0125,0.036333334
645,0.12438889,0.46205556,0.36466667,0.012555555,0.036333334
646,0.12438889,0.46194443,0.36477777,0.012555555,0.036333334
647,0.12438889,0.46188888,0.36483333,0.012555555,0.036333334
648,0.12438889,0.46183333,0.36488888,0.0125,0.03638889
649,0.12438889,0.46177778,0.36488888,0.012555555,0.03638889
650,0.12433334,0.46177778,0.36494446,0.012555555,0.03638889
651,0.12416667,0.46194443,0.36494446,0.012555555,0.03638889
652,0.12411111,0.462,0.36488888,0.012611111,0.03638889
653,0.12411111,0.462,0.36488888,0.012611111,0.03638889
654,0.12411111,0.46188888,0.365,0.012555555,0.036444444
655,0.12411111,0.46188888,0.36494446,0.012611111,0.036444444
656,0.12405556,0.46177778,0.3651111,0.012611111,0.036444444
657,0.124,0.46183333,0.365,0.012555555,0.03661111
658,0.124,0.46177778,0.36505556,0.0125,0.036666665
659,0.12394445,0.46177778,0.3651111,0.012444444,0.03672222
660,0.12394445,0.46177778,0.3651111,0.012444444,0.03672222
661,0.12394445,0.46166667,0.36522222,0.012444444,0.03672222
662,0.12394445,0.46166667,0.36516666,0.0125,0.03672222
663,0.12394445,0.46166667,0.36516666,0.0125,0.03672222
664,0.12394445,0.46166667,0.3651111,0.012555555,0.03672222
665,0.12388889,0.46166667,0.36516666,0.012555555,0.03672222
666,0.12388889,0.46166667,0.36516666,0.0125,0.03677778
667,0.12388889,0.4615,0.36533332,0.0125,0.03677778
668,0.12377778,0.46161112,0.36522222,0.0125,0.03688889
669,0.12377778,0.46155557,0.36527777,0.0125,0.03688889
670,0.12377778,0.46155557,0.36527777,0.012444444,0.036944445
671,0.123722225,0.46161112,0.36527777,0.012444444,0.036944445
672,0.12361111,0.46161112,0.3653889,0.012444444,0.036944445
673,0.1235,0.46161112,0.3655,0.012444444,0.036944445
674,0.12338889,0.46161112,0.3655,0.012555555,0.036944445
675,0.12338889,0.46161112,0.3655,0.012555555,0.036944445
676,0.123333335,0.46155557,0.3656111,0.012555555,0.036944445
677,0.123333335,0.46155557,0.3656111,0.012555555,0.036944445
678,0.123333335,0.4613889,0.3657778,0.012555555,0.036944445
679,0.123277776,0.4613889,0.36583334,0.012555555,0.036944445
680,0.123166665,0.46144444,0.36583334,0.012555555,0.037
681,0.123111114,0.4613889,0.36594445,0.012555555,0.037
682,0.123111114,0.46127778,0.36605555,0.012555555,0.037
683,0.123111114,0.46127778,0.36605555,0.012555555,0.037
684,0.123055555,0.46122223,0.3661111,0.012611111,0.037
685,0.123055555,0.4608889,0.3663889,0.012666667,0.037
686,0.123055555,0.4607222,0.36655554,0.012666667,0.037
687,0.123055555,0.46055555,0.36672223,0.012611111,0.037055556
688,0.123055555,0.46027777,0.36694443,0.012666667,0.037055556
689,0.123,0.46,0.36727777,0.012666667,0.037055556
690,0.122888885,0.45983332,0.36744446,0.012777777,0.037055556
691,0.122833334,0.45972222,0.36755556,0.012833334,0.037055556
692,0.122833334,0.4595,0.36766666,0.012833334,0.037166666
693,0.122777775,0.45922223,0.36777776,0.012888889,0.037333332
694,0.122666664,0.45894444,0.3681111,0.012944444,0.037333332
695,0.12261111,0.4586111,0.36844444,0.012777777,0.037555557
696,0.122555554,0.4583889,0.3686111,0.012888889,0.037555557
697,0.12233333,0.45855555,0.36844444,0.013,0.037666667
698,0.12227778,0.45844445,0.36844444,0.013166667,0.037666667
699,0.12227778,0.4582222,0.36866668,0.013166667,0.037666667
700,0.12205555,0.45205554,0.375,0.012666667,0.038222224
701,0.12188889,0.44883335,0.37822223,0.012666667,0.03838889
702,0.12144444,0.4475,0.3798889,0.012611111,0.038555555
703,0.12122222,0.4468889,0.38061112,0.012666667,0.03861111
704,0.12088889,0.4463889,0.3813889,0.012444444,0.03888889
705,0.12066667,0.44572222,0.3821111,0.0125,0.039
706,0.120222226,0.44483334,0.38316667,0.012722222,0.039055556
707,0.119944446,0.44427776,0.384,0.012722222,0.039055556
708,0.119666666,0.4441111,0.38444445,0.012666667,0.03911111
709,0.119277775,0.44394445,0.38433334,0.0132777775,0.039166667
710,0.119055554,0.44366667,0.38472223,0.013388889,0.039166667
711,0.119,0.44322222,0.38522223,0.013388889,0.039166667
712,0.118666664,0.443,0.38577777,0.013388889,0.039166667
