frame,zone1_ratio,zone2_ratio,zone3_ratio,zone4_ratio,zone5_ratio
1,0.8576667,0.14233333,0.0,0.0,0.0
2,0.84866667,0.1491111,0.0022222223,0.0,0.0
3,0.84794444,0.14627777,0.0057777776,0.0,0.0
4,0.84794444,0.1455,0.0065555554,0.0,0.0
5,0.8478889,0.14483333,0.007277778,0.0,0.0
6,0.8478889,0.14411111,0.008,0.0,0.0
7,0.8478889,0.14344445,0.008666666,0.0,0.0
8,0.8478889,0.14305556,0.009055556,0.0,0.0
9,0.8478889,0.14261112,0.0095,0.0,0.0
10,0.8478889,0.14244445,0.009666666,0.0,0.0
11,0.8478889,0.14233333,0.009777778,0.0,0.0
12,0.8478889,0.14183334,0.010277778,0.0,0.0
13,0.8478889,0.14172222,0.010388889,0.0,0.0
14,0.8478889,0.1415,0.010611111,0.0,0.0
15,0.8478889,0.14127778,0.010833333,0.0,0.0
16,0.84783334,0.14105555,0.011111111,0.0,0.0
17,0.84783334,0.14077778,0.011388889,0.0,0.0
18,0.8477778,0.14077778,0.011444445,0.0,0.0
19,0.8476667,0.14072222,0.011611111,0.0,0.0
20,0.8476667,0.14061111,0.011722222,0.0,0.0
21,0.8476667,0.14038889,0.011944445,0.0,0.0
22,0.8476667,0.14027777,0.012055555,0.0,0.0
23,0.8475556,0.14033334,0.012111112,0.0,0.0
24,0.8475,0.14033334,0.012166667,0.0,0.0
25,0.8475,0.14027777,0.012222222,0.0,0.0
26,0.8475,0.14022222,0.012277778,0.0,0.0
27,0.8475,0.14016667,0.0123333335,0.0,0.0
28,0.84727776,0.14033334,0.012388889,0.0,0.0
29,0.8472222,0.14033334,0.012444444,0.0,0.0
30,0.8472222,0.14022222,0.012555555,0.0,0.0
31,0.8471111,0.14027777,0.012611111,0.0,0.0
32,0.847,0.14027777,0.012722222,0.0,0.0
33,0.847,0.14022222,0.012777777,0.0,0.0
34,0.847,0.14011112,0.012888889,0.0,0.0
35,0.847,0.14011112,0.012888889,0.0,0.0
36,0.84694445,0.14016667,0.012888889,0.0,0.0
37,0.8467778,0.14027777,0.012944444,0.0,0.0
38,0.8466667,0.14027777,0.0130555555,0.0,0.0
39,0.8464444,0.14033334,0.013222222,0.0,0.0
40,0.8464444,0.14022222,0.013333334,0.0,0.0
41,0.8462778,0.14038889,0.013333334,0.0,0.0
42,0.8462222,0.14038889,0.013388889,0.0,0.0
43,0.84605557,0.14044444,0.0135,0.0,0.0
44,0.84605557,0.14033334,0.013611111,0.0,0.0
45,0.84594446,0.14038889,0.013666667,0.0,0.0
46,0.8458889,0.14033334,0.013777778,0.0,0.0
47,0.84583336,0.14027777,0.013888889,0.0,0.0
48,0.84566665,0.14044444,0.013888889,0.0,0.0
49,0.84555554,0.14055556,0.013888889,0.0,0.0
50,0.84555554,0.14055556,0.013888889,0.0,0.0
51,0.84544444,0.14066666,0.013888889,0.0,0.0
52,0.8453889,0.14066666,0.013944444,0.0,0.0
53,0.84533334,0.14072222,0.013944444,0.0,0.0
54,0.84522223,0.14083333,0.013944444,0.0,0.0
55,0.8450556,0.14083333,0.014111111,0.0,0.0
56,0.8449444,0.14088888,0.014166667,0.0,0.0
57,0.84488887,0.14094445,0.014166667,0.0,0.0
58,0.8447222,0.14105555,0.014222222,0.0,0.0
59,0.84455556,0.14116667,0.014277778,0.0,0.0
60,0.8445,0.1411111,0.014388889,0.0,0.0
61,0.8442778,0.14122222,0.0145,0.0,0.0
62,0.8442778,0.14105555,0.014666666,0.0,0.0
63,0.8442778,0.141,0.014722222,0.0,0.0
64,0.8441667,0.1411111,0.014722222,0.0,0.0
65,0.844,0.14127778,0.014722222,0.0,0.0
66,0.8438333,0.14144444,0.014722222,0.0,0.0
67,0.8437222,0.14144444,0.014833333,0.0,0.0
68,0.8436111,0.14155556,0.014833333,0.0,0.0
69,0.84355557,0.14161111,0.014833333,0.0,0.0
70,0.8435,0.14161111,0.014888889,0.0,0.0
71,0.84344447,0.14161111,0.014944444,0.0,0.0
72,0.8433889,0.14166667,0.014944444,0.0,0.0
73,0.84327775,0.14172222,0.015,0.0,0.0
74,0.843,0.142,0.015,0.0,0.0
75,0.8118333,0.17261112,0.015555556,0.0,0.0
76,0.8032778,0.16316667,0.033555556,0.0,0.0
77,0.8021111,0.15588889,0.042,0.0,0.0
78,0.8017222,0.15461111,0.0435,1.6666666E-4,0.0
79,0.8015556,0.15416667,0.04411111,1.6666666E-4,0.0
80,0.80127776,0.154,0.044555556,1.6666666E-4,0.0
81,0.8004444,0.15411112,0.045222223,2.2222222E-4,0.0
82,0.79966664,0.15433334,0.04561111,2.7777778E-4,1.1111111E-4
83,0.7986111,0.15505555,0.045944445,2.7777778E-4,1.1111111E-4
84,0.7976111,0.15583333,0.046166666,1.1111111E-4,2.7777778E-4
85,0.7965,0.15666667,0.046444446,5.5555556E-5,3.3333333E-4
86,0.7955,0.15722223,0.046833333,1.1111111E-4,3.3333333E-4
87,0.79444444,0.158,0.047111113,5.5555556E-5,3.8888888E-4
88,0.79316664,0.15894444,0.047444444,5.5555556E-5,3.8888888E-4
89,0.79116666,0.16033334,0.048055556,5.5555556E-5,3.8888888E-4
90,0.7901111,0.16083333,0.048611112,5.5555556E-5,3.8888888E-4
91,0.7888889,0.16166666,0.048944443,1.1111111E-4,3.8888888E-4
92,0.7873333,0.16283333,0.04927778,1.1111111E-4,4.4444445E-4
93,0.7861111,0.16361111,0.04961111,2.2222222E-4,4.4444445E-4
94,0.78522223,0.16416667,0.049777776,3.3333333E-4,5.0E-4
95,0.78405553,0.16505556,0.050055556,2.2222222E-4,6.111111E-4
96,0.78216666,0.1665,0.050444443,2.7777778E-4,6.111111E-4
97,0.78022224,0.16805555,0.050833333,2.7777778E-4,6.111111E-4
98,0.7783333,0.16977778,0.051,2.7777778E-4,6.111111E-4
99,0.7766111,0.171,0.051444445,3.3333333E-4,6.111111E-4
100,0.7736111,0.17377777,0.051555555,4.4444445E-4,6.111111E-4
101,0.7707222,0.17638889,0.051777776,4.4444445E-4,6.6666666E-4
102,0.76816666,0.1785,0.05211111,5.5555557E-4,6.6666666E-4
103,0.765,0.18127778,0.0525,4.4444445E-4,7.7777775E-4
104,0.76144445,0.18455556,0.05277778,4.4444445E-4,7.7777775E-4
105,0.7578889,0.18783334,0.053055555,4.4444445E-4,7.7777775E-4
106,0.7532778,0.19188888,0.05361111,4.4444445E-4,7.7777775E-4
107,0.7481667,0.1966111,0.054,4.4444445E-4,7.7777775E-4
108,0.74394447,0.20061111,0.054222222,4.4444445E-4,7.7777775E-4
109,0.7391111,0.20522222,0.054444443,3.8888888E-4,8.3333335E-4
110,0.73422223,0.20988889,0.05466667,3.8888888E-4,8.3333335E-4
111,0.7286111,0.21494444,0.055166665,4.4444445E-4,8.3333335E-4
112,0.7235,0.21938889,0.05572222,5.5555557E-4,8.3333335E-4
113,0.71805555,0.22433333,0.056222223,5.5555557E-4,8.3333335E-4
114,0.71088886,0.23094444,0.05666667,6.6666666E-4,8.3333335E-4
115,0.70305556,0.23827778,0.057166666,5.5555557E-4,9.4444444E-4
116,0.6958889,0.24455556,0.058,5.5555557E-4,0.001
117,0.6897778,0.25033334,0.058166668,7.222222E-4,0.001
118,0.6811111,0.25816667,0.059,5.5555557E-4,0.0011666666
119,0.6737222,0.26488888,0.059611112,5.5555557E-4,0.0012222222
120,0.66605556,0.27177778,0.060222223,6.6666666E-4,0.0012777778
121,0.6575556,0.2798889,0.06061111,6.111111E-4,0.0013333333
122,0.6498333,0.2868889,0.061277777,6.6666666E-4,0.0013333333
123,0.6422778,0.29366666,0.062055554,6.111111E-4,0.0013888889
124,0.6338889,0.30105555,0.063,6.6666666E-4,0.0013888889
125,0.61527777,0.31683335,0.06577778,7.222222E-4,0.0013888889
126,0.61,0.32144445,0.06633333,8.3333335E-4,0.0013888889
127,0.6078889,0.32322222,0.06666667,8.3333335E-4,0.0013888889
128,0.60638887,0.32433334,0.06705555,8.3333335E-4,0.0013888889
129,0.6053889,0.325,0.067277774,8.888889E-4,0.0014444444
130,0.60444444,0.32577777,0.06744444,8.3333335E-4,0.0015
131,0.6033889,0.3265,0.067777775,8.3333335E-4,0.0015
132,0.60216665,0.32761112,0.067833334,8.3333335E-4,0.0015555555
133,0.6007778,0.329,0.067833334,8.3333335E-4,0.0015555555
134,0.59977776,0.32977778,0.068,8.888889E-4,0.0015555555
135,0.5988333,0.3306111,0.068055555,8.888889E-4,0.0016111111
136,0.59794444,0.33133334,0.068222225,8.888889E-4,0.0016111111
137,0.59705555,0.33222222,0.068222225,8.888889E-4,0.0016111111
138,0.5964444,0.33277777,0.068277776,8.888889E-4,0.0016111111
139,0.5953889,0.3337778,0.068333335,8.3333335E-4,0.0016666667
140,0.5945,0.3345,0.068444446,7.7777775E-4,0.0017777778
141,0.5938333,0.335,0.06861111,7.7777775E-4,0.0017777778
142,0.5932222,0.33555555,0.06866667,7.7777775E-4,0.0017777778
143,0.59227777,0.3363889,0.06861111,9.4444444E-4,0.0017777778
144,0.5912778,0.33727777,0.06866667,8.888889E-4,0.0018888889
145,0.5905,0.3378889,0.068722226,0.001,0.0018888889
146,0.58944446,0.33888888,0.068722226,0.0010555555,0.0018888889
147,0.589,0.33933333,0.0685,0.0012777778,0.0018888889
148,0.5886667,0.33938888,0.06877778,0.0011666666,0.002
149,0.58772224,0.3402222,0.068833336,0.0011666666,0.0020555556
150,0.58716667,0.34077778,0.068833336,0.0010555555,0.0021666666
151,0.58644444,0.34122223,0.06905556,0.0010555555,0.0022222223
152,0.5855,0.34183332,0.06933333,0.0011111111,0.0022222223
153,0.5847222,0.3425,0.06938889,0.0011666666,0.0022222223
154,0.58394444,0.34316668,0.06944445,0.0012222222,0.0022222223
155,0.583,0.34405556,0.06938889,0.0012777778,0.0022777778
156,0.58205557,0.34483334,0.06955556,0.0012777778,0.0022777778
157,0.58122224,0.34544444,0.06977778,0.0012222222,0.0023333333
158,0.5802778,0.34622222,0.06988889,0.0012777778,0.0023333333
159,0.5796111,0.34677777,0.06988889,0.0013888889,0.0023333333
160,0.57883334,0.3471111,0.07011111,0.0016111111,0.0023333333
161,0.5782222,0.34755555,0.07016667,0.0016111111,0.0024444445
162,0.5775,0.348,0.07011111,0.0019444445,0.0024444445
163,0.5765,0.34872222,0.07022222,0.002,0.0025555557
164,0.5757222,0.3493889,0.07022222,0.002,0.0026666666
165,0.57505554,0.34966666,0.07055555,0.0019444445,0.0027777778
166,0.5745,0.35005555,0.07072222,0.0018888889,0.0028333333
167,0.57427776,0.35016668,0.07055555,0.0021666666,0.0028333333
168,0.57383335,0.35055557,0.0705,0.0022222223,0.0028888888
169,0.57316667,0.35094443,0.07077778,0.002111111,0.003
170,0.57255554,0.35127777,0.071,0.0020555556,0.003111111
171,0.5719444,0.35116667,0.0715,0.0022222223,0.0031666667
172,0.57133335,0.35144445,0.071777776,0.0022222223,0.0032222222
173,0.5708889,0.35144445,0.072055556,0.0022777778,0.0033333334
174,0.5707778,0.3513889,0.072222225,0.0022222223,0.003388889
175,0.56983334,0.35233334,0.072,0.002388889,0.0034444444
176,0.56927776,0.35261112,0.07227778,0.002388889,0.0034444444
177,0.569,0.35266668,0.0725,0.0022777778,0.0035555556
178,0.56855553,0.35288888,0.07272222,0.0022222223,0.003611111
179,0.56777775,0.35344446,0.07294445,0.0022222223,0.003611111
180,0.5670556,0.354,0.07311111,0.0022222223,0.003611111
181,0.5662778,0.35466668,0.07311111,0.0023333333,0.003611111
182,0.5657222,0.35505554,0.07327778,0.0023333333,0.003611111
183,0.56505555,0.35555556,0.07344444,0.0022777778,0.0036666666
184,0.56427777,0.35605556,0.07366667,0.0023333333,0.0036666666
185,0.56355554,0.35655555,0.07388889,0.0023333333,0.0036666666
186,0.5632222,0.3567778,0.074,0.0023333333,0.0036666666
187,0.563,0.35683334,0.07416666,0.0023333333,0.0036666666
188,0.56266665,0.35716668,0.07416666,0.0023333333,0.0036666666
189,0.5621667,0.35733333,0.07444444,0.002388889,0.0036666666
190,0.56166667,0.35766667,0.07461111,0.002388889,0.0036666666
191,0.56133336,0.35788888,0.07472222,0.002388889,0.0036666666
192,0.56094444,0.3581111,0.07488889,0.002388889,0.0036666666
193,0.5605,0.35833332,0.075055555,0.0024444445,0.0036666666
194,0.55994445,0.35866666,0.075277776,0.0024444445,0.0036666666
195,0.5594444,0.35905555,0.075388886,0.0024444445,0.0036666666
196,0.559,0.35933334,0.075555556,0.0024444445,0.0036666666
197,0.5586111,0.35961112,0.075666666,0.0024444445,0.0036666666
198,0.5580556,0.35994443,0.075722225,0.0026111112,0.0036666666
199,0.5576111,0.36038888,0.075722225,0.0026111112,0.0036666666
200,0.5283889,0.38244444,0.08144444,0.003888889,0.0038333333
201,0.51905555,0.383,0.08961111,0.0037777778,0.0045555555
202,0.5070556,0.39083335,0.093555555,0.0035555556,0.005
203,0.4936111,0.40233332,0.09544444,0.0033333334,0.0052777776
204,0.4786111,0.41538888,0.097388886,0.0032222222,0.005388889
205,0.46555555,0.42655554,0.09922222,0.0032222222,0.0054444443
206,0.45394444,0.43627778,0.100944445,0.0033333334,0.0055
207,0.44144446,0.4471111,0.10261111,0.0032777777,0.0055555557
208,0.4295,0.45755556,0.10388889,0.0035,0.0055555557
209,0.4187222,0.46616668,0.106,0.0034444444,0.0056666667
210,0.409,0.47383332,0.108055554,0.003388889,0.0057222224
211,0.39972222,0.4815,0.10961111,0.003388889,0.0057777776
212,0.39216667,0.48761111,0.11088889,0.0035,0.0058333334
213,0.38383332,0.49494445,0.111833334,0.0034444444,0.0059444443
214,0.37616667,0.5016111,0.112833336,0.0034444444,0.0059444443
215,0.36783335,0.5084444,0.11433333,0.0034444444,0.0059444443
216,0.36027777,0.51427776,0.116055556,0.0034444444,0.0059444443
217,0.35338888,0.52033335,0.11688889,0.0034444444,0.0059444443
218,0.34611112,0.5263889,0.11805555,0.0035,0.0059444443
219,0.33911112,0.5324444,0.11888889,0.003611111,0.0059444443
220,0.33255556,0.538,0.11977778,0.003611111,0.006055556
221,0.32633334,0.54355556,0.12038889,0.0036666666,0.006055556
222,0.32083333,0.5481667,0.12127778,0.0036666666,0.006055556
223,0.31572223,0.55205554,0.12238889,0.0036666666,0.0061666667
224,0.31055555,0.5565,0.122888885,0.003888889,0.0061666667
225,0.30672222,0.55916667,0.12377778,0.004111111,0.006222222
226,0.30277777,0.5617222,0.12505555,0.004166667,0.0062777777
227,0.29927778,0.56427777,0.12588888,0.004277778,0.0062777777
228,0.29572222,0.5673889,0.12616667,0.004388889,0.0063333334
229,0.29277778,0.5696667,0.12661111,0.0045,0.0064444444
230,0.28866667,0.57316667,0.12677778,0.0049444446,0.0064444444
231,0.28555554,0.5753889,0.1275,0.005,0.0065555554
232,0.28172222,0.5785556,0.12783334,0.0052222223,0.006666667
233,0.27855554,0.5803889,0.129,0.0053333333,0.006722222
234,0.27594444,0.5824444,0.12916666,0.005611111,0.0068333335
235,0.2733889,0.5842222,0.12994444,0.0054444443,0.007
236,0.27094445,0.58588886,0.13055556,0.005611111,0.007
237,0.26894444,0.5867778,0.13133334,0.0058333334,0.007111111
238,0.26694444,0.5881111,0.13194445,0.0057777776,0.007222222
239,0.26538888,0.5891111,0.13222222,0.006055556,0.007222222
240,0.26327777,0.59055555,0.13272223,0.006111111,0.007333333
241,0.2613889,0.5915,0.13355556,0.0061666667,0.007388889
242,0.25972223,0.59216666,0.13433333,0.0063333334,0.0074444446
243,0.25816667,0.59305555,0.13494444,0.006222222,0.0076111113
244,0.2571111,0.5933333,0.1355,0.0063888887,0.0076666665
245,0.25566667,0.5942778,0.13588889,0.0064444444,0.0077222222
246,0.2546111,0.5943889,0.13672222,0.0065,0.007777778
247,0.25333333,0.5950556,0.13727778,0.0064444444,0.007888889
248,0.2522222,0.5952778,0.13811111,0.0064444444,0.007944444
249,0.25105557,0.59577775,0.13877778,0.0064444444,0.007944444
250,0.24911112,0.5958889,0.14038889,0.006666667,0.007944444
251,0.24827778,0.5961111,0.14088888,0.006611111,0.008111111
252,0.24783333,0.5962778,0.14105555,0.006722222,0.008111111
253,0.24766667,0.5962222,0.14127778,0.006666667,0.008166667
254,0.24755555,0.5962778,0.14122222,0.006777778,0.008166667
255,0.2475,0.5961111,0.14144444,0.006666667,0.008277778
256,0.24722221,0.5963889,0.1413889,0.006722222,0.008277778
257,0.24694444,0.5963889,0.14155556,0.0068333335,0.008277778
258,0.24683334,0.5963333,0.14172222,0.0068333335,0.008277778
259,0.24644445,0.59655553,0.14188889,0.0068333335,0.008277778
260,0.24605556,0.59683335,0.14183334,0.0069444445,0.008333334
261,0.24577777,0.59694445,0.14188889,0.007,0.008388889
262,0.2453889,0.5973333,0.14177778,0.0070555555,0.008444444
263,0.24516666,0.5975,0.14183334,0.007,0.0085
264,0.24477778,0.5975,0.14211111,0.007,0.008611111
265,0.24461111,0.5974444,0.14227778,0.0070555555,0.008611111
266,0.2443889,0.5975,0.14188889,0.0074444446,0.008777778
267,0.24416667,0.5976111,0.142,0.0074444446,0.008777778
268,0.24361111,0.598,0.14188889,0.007277778,0.0092222225
269,0.24322222,0.59833336,0.14183334,0.007333333,0.009277778
270,0.24294445,0.5983889,0.14205556,0.007333333,0.009277778
271,0.24261111,0.5985,0.14194444,0.0074444446,0.0095
272,0.2425,0.59855556,0.14188889,0.0074444446,0.009611111
273,0.24222222,0.5988333,0.14183334,0.0075,0.009611111
274,0.2418889,0.59911114,0.14177778,0.0075555556,0.009666666
275,0.24144444,0.5993889,0.14194444,0.0075555556,0.009666666
276,0.24094445,0.5996111,0.14222223,0.0074444446,0.009777778
277,0.24055555,0.5999445,0.14205556,0.0074444446,0.01
278,0.24033333,0.6001111,0.142,0.0075555556,0.01
279,0.23972222,0.60066664,0.14205556,0.0074444446,0.010111111
280,0.23944445,0.60083336,0.14211111,0.007333333,0.010277778
281,0.23905556,0.60116667,0.142,0.0075,0.010277778
282,0.23894444,0.60105556,0.14216666,0.0075555556,0.010277778
283,0.23855555,0.6014444,0.14216666,0.0075,0.010333333
284,0.23822223,0.6017778,0.14205556,0.0076111113,0.010333333
285,0.23805556,0.6018889,0.14211111,0.0076111113,0.010333333
286,0.23788889,0.602,0.14216666,0.0076111113,0.010333333
287,0.23744445,0.6023889,0.14222223,0.0076111113,0.010333333
288,0.23705555,0.6027222,0.14227778,0.0076111113,0.010333333
289,0.23661111,0.60316664,0.14227778,0.0075555556,0.010388889
290,0.23655556,0.60316664,0.14233333,0.0075,0.010444445
291,0.23633334,0.6033889,0.14233333,0.0075,0.010444445
292,0.23594445,0.60377777,0.14227778,0.0075555556,0.010444445
293,0.23572223,0.604,0.14227778,0.0075555556,0.010444445
294,0.23561111,0.604,0.1423889,0.0075555556,0.010444445
295,0.2355,0.604,0.14244445,0.0076111113,0.010444445
296,0.23522222,0.60422224,0.1423889,0.0076111113,0.010555555
297,0.23488888,0.60455555,0.1423889,0.0076111113,0.010555555
298,0.23438889,0.6050556,0.1423889,0.0076111113,0.010555555
299,0.23422222,0.6052222,0.1423889,0.0076111113,0.010555555
300,0.23405555,0.6053889,0.1423889,0.0076111113,0.010555555
301,0.23327778,0.606,0.14255555,0.0076111113,0.010555555
302,0.233,0.60605556,0.14261112,0.007777778,0.010555555
303,0.2325,0.6063333,0.14272222,0.007888889,0.010555555
304,0.23205556,0.60661113,0.14288889,0.007888889,0.010555555
305,0.23177777,0.6068889,0.14288889,0.007888889,0.010555555
306,0.23133333,0.60705554,0.14305556,0.008,0.010555555
307,0.23116666,0.6071111,0.14311111,0.008055556,0.010555555
308,0.23072222,0.6075,0.14316666,0.008055556,0.010555555
309,0.23027778,0.6078333,0.14327778,0.007944444,0.010666667
310,0.22983333,0.60822225,0.14327778,0.008,0.010666667
311,0.22955556,0.60844445,0.14327778,0.008055556,0.010666667
312,0.22916667,0.60877776,0.14333333,0.008055556,0.010666667
313,0.22872223,0.6091667,0.14327778,0.008166667,0.010666667
314,0.22838889,0.60944444,0.14327778,0.008222222,0.010666667
315,0.22816667,0.60955554,0.14338888,0.008166667,0.010722222
316,0.22777778,0.6098889,0.14344445,0.008111111,0.010777778
317,0.227,0.6105555,0.14355555,0.008111111,0.010777778
318,0.22666667,0.61061114,0.14366667,0.008277778,0.010777778
319,0.22616667,0.6111111,0.14366667,0.008111111,0.010944445
320,0.22577778,0.61138886,0.14377777,0.008111111,0.010944445
321,0.22544445,0.6115,0.14372222,0.008333334,0.011
322,0.22511111,0.61172223,0.14377777,0.008222222,0.011166667
323,0.22466667,0.61194444,0.144,0.008222222,0.011166667
324,0.22416666,0.6121111,0.14427778,0.008277778,0.011166667
325,0.22011112,0.6025,0.1573889,0.008166667,0.011833333
326,0.21844445,0.59933335,0.16161111,0.008666666,0.011944445
327,0.21372223,0.6022222,0.16322222,0.008611111,0.012222222
328,0.2105,0.6031111,0.16533333,0.008722222,0.0123333335
329,0.20727777,0.60283333,0.16866666,0.008777778,0.012444444
330,0.20527777,0.60044444,0.17277777,0.008888889,0.012611111
331,0.20322222,0.59805554,0.177,0.009055556,0.012666667
332,0.20133333,0.5961111,0.18066667,0.008888889,0.013
333,0.19994445,0.5938333,0.18416667,0.009,0.0130555555
334,0.19866666,0.59172225,0.18738888,0.009111111,0.013111111
335,0.19761111,0.59033334,0.1895,0.009333333,0.013222222
336,0.19633333,0.5898889,0.19111112,0.009277778,0.013388889
337,0.19538888,0.5887778,0.19316667,0.009166666,0.0135
338,0.19416666,0.5878889,0.19527778,0.009111111,0.013555556
339,0.19372222,0.586,0.19761111,0.009111111,0.013555556
340,0.19233334,0.58555555,0.19944444,0.009055556,0.013611111
341,0.19127777,0.5841111,0.20188889,0.009,0.013722222
342,0.1905,0.5827778,0.20383333,0.009055556,0.013833334
343,0.1898889,0.5810556,0.20611112,0.009055556,0.013888889
344,0.18927778,0.5792222,0.20827778,0.009277778,0.013944444
345,0.18805556,0.5784444,0.21,0.009555556,0.013944444
346,0.18711111,0.5772222,0.21211112,0.0095,0.014055556
347,0.1865,0.5758333,0.21394445,0.009555556,0.014166667
348,0.18533333,0.5748889,0.21577778,0.009777778,0.014222222
349,0.18472221,0.5733889,0.21755555,0.009888889,0.014444444
350,0.18444444,0.5716111,0.21955556,0.009888889,0.0145
351,0.18388888,0.57027775,0.221,0.010333333,0.0145
352,0.18311112,0.57,0.22161111,0.010722222,0.014555556
353,0.18272223,0.5683333,0.22327778,0.010833333,0.014833333
354,0.18177778,0.5678889,0.22411111,0.011388889,0.014833333
355,0.18138888,0.56688887,0.22516666,0.011611111,0.014944444
356,0.181,0.5656667,0.22677778,0.0115,0.015055556
357,0.1805,0.5653333,0.22733334,0.011722222,0.015111111
358,0.18011111,0.5645,0.22838889,0.011777778,0.015222223
359,0.17983334,0.56366664,0.22933333,0.011888889,0.015277778
360,0.17944445,0.5622778,0.23094444,0.012,0.015333333
361,0.17905556,0.5613889,0.23194444,0.012277778,0.015333333
362,0.17872222,0.5607778,0.2325,0.012666667,0.015333333
363,0.17827778,0.55972224,0.2338889,0.012777777,0.015333333
364,0.17772222,0.55916667,0.23472223,0.0130555555,0.015333333
365,0.17722222,0.5583889,0.23588888,0.012944444,0.015555556
366,0.17672223,0.5579444,0.2365,0.013222222,0.015611111
367,0.17594445,0.55633336,0.23872222,0.0132777775,0.015722223
368,0.17561111,0.5555556,0.2396111,0.013388889,0.015833333
369,0.175,0.5546111,0.24083333,0.013722222,0.015833333
370,0.17466667,0.55394447,0.24177778,0.013611111,0.016
371,0.17438889,0.553,0.24277778,0.013722222,0.016111111
372,0.17377777,0.55311114,0.24322222,0.013666667,0.016222222
373,0.17305556,0.55277777,0.24383333,0.014111111,0.016222222
374,0.17272222,0.55222225,0.2445,0.014222222,0.016333334
375,0.17066666,0.55266666,0.24577777,0.014277778,0.01661111
376,0.17033334,0.5527222,0.246,0.014222222,0.016722223
377,0.1701111,0.55266666,0.24622223,0.014,0.017
378,0.17,0.5527222,0.24611111,0.014111111,0.017055556
379,0.16988888,0.5527222,0.246,0.014222222,0.017166667
380,0.16983333,0.55266666,0.24605556,0.014166667,0.017277777
381,0.16966666,0.5525,0.24627778,0.014,0.017555555
382,0.16961111,0.55244446,0.24622223,0.014111111,0.01761111
383,0.16961111,0.5522778,0.24616666,0.014222222,0.017722223
384,0.16955556,0.55222225,0.24627778,0.014222222,0.017722223
385,0.16944444,0.5522778,0.24627778,0.014222222,0.017777778
386,0.16938889,0.5521111,0.24638888,0.014333333,0.017777778
387,0.16922222,0.5521111,0.24644445,0.014277778,0.017944444
388,0.16916667,0.55194443,0.24661112,0.014222222,0.018055556
389,0.16916667,0.55194443,0.2465,0.014277778,0.018111112
390,0.16905555,0.552,0.24644445,0.014222222,0.018277777
391,0.16894445,0.55194443,0.2465,0.014277778,0.018333333
392,0.16894445,0.5516667,0.24677777,0.014277778,0.018333333
393,0.16894445,0.5515,0.24683334,0.014166667,0.018555555
394,0.16866666,0.5517222,0.24683334,0.014166667,0.01861111
395,0.16855556,0.5516111,0.24694444,0.014222222,0.018666666
396,0.16838889,0.5516667,0.24688889,0.014222222,0.018833334
397,0.16833334,0.5515556,0.24694444,0.014277778,0.018888889
398,0.16811112,0.5517778,0.24688889,0.014222222,0.019
399,0.16805555,0.5517778,0.24688889,0.014277778,0.019
400,0.168,0.5516111,0.24705556,0.014277778,0.019055555
401,0.16783333,0.5515,0.24733333,0.014277778,0.019055555
402,0.16777778,0.5514445,0.24733333,0.014277778,0.019166667
403,0.16777778,0.5512222,0.24755555,0.014277778,0.019166667
404,0.16777778,0.55116665,0.2475,0.014388889,0.019166667
405,0.16777778,0.5511111,0.24755555,0.014333333,0.019222222
406,0.16766667,0.55116665,0.24755555,0.014388889,0.019222222
407,0.1676111,0.55105555,0.24766667,0.014333333,0.019333333
408,0.1676111,0.55083334,0.2478889,0.014222222,0.019444445
409,0.16755556,0.55083334,0.24783333,0.014333333,0.019444445
410,0.1675,0.5506667,0.24805556,0.014277778,0.0195
411,0.16733333,0.5506667,0.24816667,0.014333333,0.0195
412,0.16727778,0.55061114,0.24827778,0.014333333,0.0195
413,0.16716667,0.55061114,0.24827778,0.014444444,0.0195
414,0.16705556,0.55072224,0.24827778,0.014388889,0.019555556
415,0.16705556,0.5505,0.24844444,0.014388889,0.01961111
416,0.1668889,0.5505555,0.2485,0.014388889,0.019666666
417,0.16677777,0.5505555,0.24861111,0.014277778,0.019777779
418,0.1665,0.55072224,0.24872223,0.014277778,0.019777779
419,0.16627778,0.55083334,0.24883333,0.014277778,0.019777779
420,0.16627778,0.55072224,0.2488889,0.014277778,0.019833334
421,0.16611111,0.5508889,0.2488889,0.014166667,0.019944444
422,0.166,0.5508889,0.2488889,0.014277778,0.019944444
423,0.16594444,0.5508889,0.24877778,0.014333333,0.020055555
424,0.16577777,0.551,0.24877778,0.014277778,0.020166667
425,0.16555555,0.55116665,0.24872223,0.014333333,0.020222222
426,0.1655,0.55116665,0.24872223,0.014388889,0.020222222
427,0.16522223,0.5514445,0.24872223,0.014222222,0.020388888
428,0.16505556,0.5516111,0.24866667,0.014277778,0.020388888
429,0.16488889,0.5517222,0.24861111,0.014388889,0.020388888
430,0.16466667,0.5516667,0.24883333,0.014388889,0.020444445
431,0.16444445,0.5516667,0.24905555,0.014333333,0.0205
432,0.16422223,0.5516111,0.24916667,0.014444444,0.020555556
433,0.16394444,0.5517778,0.24922222,0.014444444,0.020611111
434,0.16372222,0.5518889,0.24933334,0.014166667,0.02088889
435,0.1635,0.55205554,0.24938889,0.014055556,0.021
436,0.16327778,0.552,0.24938889,0.014333333,0.021
437,0.163,0.55194443,0.24966666,0.014277778,0.02111111
438,0.163,0.5518889,0.24944444,0.014555556,0.02111111
439,0.16288888,0.5518889,0.2495,0.014611111,0.02111111
440,0.16272222,0.5518889,0.24966666,0.014388889,0.021333333
441,0.16272222,0.5517222,0.24977778,0.014333333,0.021444444
442,0.1625,0.5517222,0.24994445,0.014388889,0.021444444
443,0.16227777,0.5517778,0.25005555,0.014333333,0.021555556
444,0.16188888,0.552,0.2501111,0.014333333,0.021666666
445,0.16166666,0.5521111,0.25016665,0.014333333,0.021722222
446,0.16127777,0.5522778,0.2503889,0.014277778,0.021777777
447,0.161,0.5521111,0.25055555,0.014444444,0.02188889
448,0.16077778,0.55233335,0.25055555,0.014388889,0.021944445
449,0.1605,0.55255556,0.2506111,0.014277778,0.022055555
450,0.15966667,0.5431111,0.26011112,0.014166667,0.022944445
451,0.15877777,0.5403889,0.2637222,0.013666667,0.023444444
452,0.15716666,0.54,0.26555556,0.013777778,0.0235
453,0.1561111,0.5385,0.2681111,0.013722222,0.023555556
454,0.15494445,0.5378889,0.26972222,0.013833334,0.023611112
455,0.15422222,0.53672224,0.27122223,0.014166667,0.023666667
456,0.1535,0.535,0.2735,0.014222222,0.023777777
457,0.15294445,0.5337778,0.2751111,0.014277778,0.02388889
458,0.15244444,0.5326667,0.27666667,0.014277778,0.023944445
459,0.15166667,0.53227776,0.27766666,0.014388889,0.024
460,0.15077777,0.53194445,0.27844444,0.014611111,0.024222223
461,0.15011111,0.53172225,0.27911112,0.014277778,0.024777777
462,0.14961112,0.5315,0.27966666,0.014222222,0.025
463,0.14927778,0.5307222,0.2806111,0.014277778,0.02511111
464,0.14894444,0.5301667,0.28116667,0.014555556,0.025166666
465,0.14861111,0.52977777,0.28172222,0.014666666,0.025222221
466,0.14827777,0.52894443,0.28255555,0.014833333,0.025388889
467,0.14761111,0.5282222,0.28388888,0.014555556,0.025722222
468,0.14727777,0.5267778,0.28516668,0.014888889,0.025888888
469,0.14694445,0.52566665,0.28627777,0.014833333,0.026277779
470,0.14644444,0.5243889,0.28777778,0.014944444,0.026444444
471,0.14627777,0.52338886,0.28894445,0.014833333,0.026555555
472,0.14611112,0.5223889,0.2898889,0.014944444,0.026666667
473,0.1458889,0.52133334,0.29105556,0.015,0.026722223
474,0.14572223,0.52077776,0.2917778,0.014777778,0.026944444
475,0.14555556,0.52033335,0.29233333,0.014833333,0.026944444
476,0.14538889,0.5195,0.29327777,0.014833333,0.027
477,0.14522222,0.5183333,0.2945,0.014777778,0.027166666
478,0.14494444,0.5173889,0.2955,0.015,0.027166666
479,0.14477777,0.5166111,0.29633334,0.015,0.027277777
480,0.14455555,0.51633334,0.29672223,0.014944444,0.027444445
481,0.14433333,0.5152778,0.29766667,0.015111111,0.02761111
482,0.14422221,0.5144445,0.2985,0.015111111,0.027722223
483,0.14405556,0.5141111,0.29883334,0.015166666,0.027833333
484,0.14388889,0.5131111,0.29983333,0.015277778,0.027888888
485,0.14366667,0.51255554,0.30044445,0.0154444445,0.027888888
486,0.14322223,0.5123889,0.301,0.015388889,0.028
487,0.14261112,0.51188886,0.302,0.0154444445,0.028055556
488,0.14233333,0.51144445,0.30255556,0.015555556,0.028111111
489,0.14211111,0.5109444,0.30316666,0.015666667,0.028111111
490,0.14166667,0.51055557,0.30394444,0.015611111,0.028222222
491,0.14144444,0.51,0.30466667,0.015666667,0.028222222
492,0.14133333,0.50938886,0.30505556,0.015944444,0.028277777
493,0.14116667,0.50883335,0.3053889,0.016166667,0.028444445
494,0.14094445,0.5085,0.30583334,0.016111111,0.02861111
495,0.14083333,0.5082222,0.3058889,0.016166667,0.028888889
496,0.14066666,0.508,0.30605555,0.015944444,0.029333333
497,0.14016667,0.50777775,0.30666667,0.016,0.02938889
498,0.14005555,0.50755554,0.30688888,0.016055556,0.029444445
499,0.13983333,0.50711113,0.30755556,0.016,0.0295
500,0.13811111,0.50783336,0.30822223,0.016166667,0.029666666
501,0.1376111,0.5082222,0.30833334,0.016,0.029833334
502,0.1375,0.5082778,0.3082778,0.016,0.029944444
503,0.13744445,0.5082778,0.3082778,0.015833333,0.030166667
504,0.13727778,0.5083333,0.30833334,0.015722223,0.030333333
505,0.13722222,0.5083889,0.30833334,0.015722223,0.030333333
506,0.13716666,0.5084444,0.30822223,0.015777778,0.030388888
507,0.13705556,0.5083889,0.30822223,0.015944444,0.030388888
508,0.137,0.5084444,0.308,0.016055556,0.0305
509,0.13694444,0.5083889,0.3081111,0.015944444,0.03061111
510,0.13694444,0.5083333,0.3077222,0.016222222,0.030777778
511,0.13688889,0.5081667,0.3078889,0.016277777,0.030777778
512,0.13677777,0.5082778,0.3078889,0.016222222,0.030833334
513,0.13672222,0.5083333,0.30783334,0.016222222,0.030888889
514,0.13672222,0.5083333,0.3077222,0.016333334,0.030888889
515,0.13666667,0.5083333,0.3077778,0.016277777,0.030944444
516,0.13655555,0.5083333,0.3078889,0.016222222,0.031
517,0.13655555,0.5081667,0.30794445,0.016277777,0.031055555
518,0.13655555,0.5081111,0.30794445,0.016277777,0.031111112
519,0.13655555,0.50805557,0.30794445,0.016277777,0.031166667
520,0.13655555,0.508,0.30794445,0.016333334,0.031166667
521,0.13655555,0.5078889,0.308,0.01638889,0.031166667
522,0.1365,0.50794446,0.308,0.016333334,0.031222222
523,0.13644445,0.50794446,0.30794445,0.016444445,0.031222222
524,0.13638888,0.5078889,0.30805555,0.01638889,0.03127778
525,0.13627778,0.508,0.30805555,0.01638889,0.03127778
526,0.13622223,0.508,0.308,0.0165,0.03127778
527,0.13616666,0.50794446,0.3081111,0.0165,0.03127778
528,0.13616666,0.5078889,0.3081111,0.016555555,0.03127778
529,0.13616666,0.5078889,0.3081111,0.016555555,0.03127778
530,0.13616666,0.50777775,0.30822223,0.016555555,0.03127778
531,0.13605556,0.5075,0.30861112,0.016555555,0.03127778
532,0.13605556,0.50744444,0.30861112,0.016555555,0.031333335
533,0.13594444,0.50722224,0.30877778,0.0165,0.031555556
534,0.13583334,0.5071667,0.30877778,0.0165,0.03172222
535,0.13577777,0.5071667,0.30872223,0.016555555,0.031777777
536,0.13566667,0.50722224,0.30872223,0.01661111,0.031777777
537,0.13561112,0.5071667,0.30872223,0.01661111,0.031888887
538,0.1355,0.50711113,0.30888888,0.016555555,0.031944446
539,0.1355,0.5070556,0.30888888,0.01661111,0.031944446
540,0.1355,0.507,0.30888888,0.016666668,0.031944446
541,0.13544445,0.507,0.30866668,0.016833333,0.032055557
542,0.1353889,0.5069444,0.30877778,0.016833333,0.032055557
543,0.1353889,0.50688887,0.30877778,0.016833333,0.032111112
544,0.13527778,0.507,0.30866668,0.016888889,0.032166667
545,0.13516666,0.50688887,0.30888888,0.016888889,0.032166667
546,0.13511111,0.50677776,0.30905557,0.016833333,0.032222223
547,0.135,0.5067222,0.30911112,0.016833333,0.032333333
548,0.13494444,0.5066111,0.30922222,0.016888889,0.032333333
549,0.13494444,0.5065,0.30933332,0.016888889,0.032333333
550,0.13483334,0.5065,0.30938888,0.016833333,0.032444444
551,0.13477778,0.5065,0.30944446,0.016833333,0.032444444
552,0.13466667,0.50644445,0.3095,0.016888889,0.0325
553,0.13461111,0.50633335,0.3096111,0.016944444,0.0325
554,0.13455555,0.506,0.3098889,0.016944444,0.03261111
555,0.1343889,0.50605553,0.3098889,0.017,0.03266667
556,0.13427778,0.5061111,0.30994445,0.016888889,0.03277778
557,0.13427778,0.50594443,0.31,0.016833333,0.032944445
558,0.13422222,0.5058333,0.31016666,0.016722223,0.033055555
559,0.1341111,0.5058333,0.3098889,0.016944444,0.03322222
560,0.13394445,0.50594443,0.30983335,0.017,0.033277776
561,0.13383333,0.50605553,0.30983335,0.017,0.033277776
562,0.13377778,0.506,0.30983335,0.017055556,0.033333335
563,0.13361111,0.50594443,0.30994445,0.017055556,0.033444446
564,0.13361111,0.5058333,0.31005555,0.017055556,0.033444446
565,0.13344444,0.5055,0.31044444,0.017111111,0.0335
566,0.13338889,0.5053333,0.31033334,0.017222222,0.03372222
567,0.13333334,0.50494444,0.3106111,0.017277777,0.033833332
568,0.13333334,0.50483334,0.31072223,0.017166667,0.033944443
569,0.13327777,0.5047778,0.31083333,0.016944444,0.034166668
570,0.13316667,0.5047778,0.31094444,0.016944444,0.034166668
571,0.13316667,0.50472224,0.311,0.016888889,0.034222223
572,0.13316667,0.50461113,0.31105554,0.016944444,0.034222223
573,0.133,0.50472224,0.31105554,0.017,0.034222223
574,0.13283333,0.50472224,0.31122223,0.017,0.034222223
575,0.13227777,0.49694446,0.31933334,0.016666668,0.03477778
576,0.13216667,0.49377778,0.3225,0.016444445,0.03511111
577,0.13127778,0.493,0.3241111,0.016333334,0.035277776
578,0.13083333,0.49222222,0.32533333,0.016277777,0.03533333
579,0.13022222,0.49144444,0.32672223,0.016277777,0.03533333
580,0.12955555,0.49161112,0.32722223,0.016277777,0.03533333
581,0.12905556,0.49105555,0.32822222,0.016333334,0.03533333
582,0.12855555,0.49033332,0.32933334,0.01638889,0.03538889
583,0.12827778,0.49,0.32983333,0.0165,0.03538889
584,0.12811111,0.48927778,0.3305,0.0165,0.03561111
585,0.12794444,0.48855555,0.33133334,0.016555555,0.03561111
586,0.12777779,0.4881111,0.33183333,0.01638889,0.035888888
587,0.12766667,0.48783332,0.33216667,0.016333334,0.036
588,0.12733333,0.48766667,0.33266667,0.016333334,0.036
589,0.12694444,0.48744443,0.33316666,0.016444445,0.036
590,0.12683333,0.48683333,0.33383334,0.01638889,0.036111113
591,0.12661111,0.48644444,0.33427778,0.0165,0.036166668
592,0.1265,0.48577777,0.33505556,0.0165,0.036166668
593,0.12633333,0.48444444,0.33627778,0.016666668,0.03627778
594,0.12622222,0.48333332,0.33744445,0.016722223,0.03627778
595,0.126,0.4825,0.3383889,0.016777778,0.036333334
596,0.12555556,0.48183334,0.3395,0.016666668,0.036444444
597,0.12538889,0.48105556,0.34044445,0.016666668,0.036444444
598,0.12527777,0.47994444,0.34155557,0.016777778,0.036444444
599,0.12527777,0.4788889,0.3423889,0.016944444,0.0365
600,0.125,0.47844446,0.34305555,0.016888889,0.03661111
601,0.12494444,0.47788888,0.34366667,0.016722223,0.03677778
602,0.12466667,0.47716665,0.34466666,0.01661111,0.03688889
603,0.12461111,0.47633332,0.34544444,0.016722223,0.03688889
604,0.12461111,0.47533333,0.34638888,0.01661111,0.037055556
605,0.12433334,0.47483334,0.347,0.016722223,0.03711111
606,0.12433334,0.4741111,0.34772223,0.016722223,0.03711111
607,0.12433334,0.4735,0.34833333,0.016666668,0.037166666
608,0.12427778,0.47255555,0.34883332,0.017166667,0.037166666
609,0.12405556,0.47183332,0.34966666,0.017277777,0.037166666
610,0.12388889,0.47088888,0.35072222,0.017333332,0.037166666
611,0.12361111,0.47061113,0.35127777,0.017333332,0.037166666
612,0.1235,0.4697222,0.3522778,0.017333332,0.037166666
613,0.123444445,0.46944445,0.35261112,0.017333332,0.037166666
614,0.123277776,0.4691111,0.35311112,0.017333332,0.037166666
615,0.123,0.4683889,0.35383335,0.01761111,0.037166666
616,0.122944444,0.46805555,0.3542222,0.01761111,0.037166666
617,0.122777775,0.46766666,0.35477778,0.017555555,0.03722222
618,0.1225,0.46688887,0.35572222,0.0175,0.037388887
619,0.12222222,0.46661112,0.3562222,0.0175,0.037444446
620,0.12211111,0.46605554,0.35666665,0.01761111,0.037555557
621,0.12183333,0.46566668,0.35727778,0.01738889,0.037833333
622,0.12172222,0.4653889,0.35733333,0.017722223,0.037833333
623,0.12166667,0.46494445,0.35783333,0.01761111,0.037944444
624,0.12155555,0.46472222,0.35816666,0.017555555,0.038
625,0.12066667,0.4646111,0.35883334,0.017888889,0.038
626,0.119944446,0.46516666,0.35894445,0.017944444,0.038
627,0.11988889,0.465,0.35905555,0.018055556,0.038
628,0.119833335,0.46505556,0.35905555,0.018055556,0.038
629,0.119722225,0.46505556,0.35916665,0.017888889,0.03816667
630,0.119666666,0.4651111,0.35916665,0.017833333,0.038222224
631,0.119666666,0.4651111,0.35916665,0.017833333,0.038222224
632,0.119611114,0.46505556,0.35927778,0.017833333,0.038222224
633,0.119611114,0.46505556,0.35927778,0.017833333,0.038222224
634,0.119611114,0.46505556,0.35927778,0.017833333,0.038222224
635,0.119611114,0.46505556,0.35905555,0.018055556,0.038222224
636,0.1195,0.4651111,0.35905555,0.018,0.038333334
637,0.1195,0.46505556,0.35905555,0.018055556,0.038333334
638,0.119444445,0.465,0.35916665,0.018,0.03838889
639,0.119388886,0.465,0.35916665,0.018055556,0.03838889
640,0.119388886,0.4648889,0.35927778,0.018055556,0.03838889
641,0.119333334,0.46494445,0.35922223,0.018111112,0.03838889
642,0.119277775,0.4648889,0.35927778,0.018111112,0.038444445
643,0.119277775,0.46483332,0.35933334,0.018055556,0.0385
644,0.119277775,0.46477777,0.3593889,0.018055556,0.0385
645,0.119277775,0.46472222,0.3593889,0.018111112,0.0385
646,0.119222224,0.46472222,0.35944444,0.018111112,0.0385
647,0.119166665,0.46477777,0.35944444,0.018111112,0.0385
648,0.119166665,0.46472222,0.3595,0.018055556,0.038555555
649,0.119166665,0.46472222,0.3595,0.018,0.03861111
650,0.119166665,0.46466666,0.35955554,0.018,0.03861111
651,0.119166665,0.46455556,0.35961112,0.018055556,0.03861111
652,0.119166665,0.4645,0.35966668,0.018,0.038666666
653,0.11911111,0.46455556,0.35966668,0.017944444,0.03872222
654,0.119055554,0.46455556,0.35972223,0.017944444,0.03872222
655,0.119055554,0.46455556,0.35972223,0.017833333,0.038833335
656,0.119055554,0.46455556,0.35972223,0.017777778,0.03888889
657,0.119,0.46455556,0.35977778,0.017666666,0.039
658,0.119,0.46455556,0.35961112,0.017833333,0.039
659,0.118944444,0.4645,0.35972223,0.017777778,0.039055556
660,0.11883333,0.46438888,0.35988888,0.017833333,0.039055556
661,0.11872222,0.46438888,0.35988888,0.017888889,0.03911111
662,0.11872222,0.46427777,0.36,0.017777778,0.03922222
663,0.11872222,0.46411112,0.36005557,0.017888889,0.03922222
664,0.11872222,0.46411112,0.36005557,0.017833333,0.039277777
665,0.118666664,0.46416667,0.36005557,0.017833333,0.039277777
666,0.11861111,0.46416667,0.36011112,0.017833333,0.039277777
667,0.11861111,0.464,0.36027777,0.017777778,0.039333332
668,0.11861111,0.46394444,0.36027777,0.017777778,0.039388888
669,0.11861111,0.46377778,0.36033332,0.017888889,0.039388888
670,0.11855555,0.46377778,0.36033332,0.017944444,0.039388888
671,0.11855555,0.46377778,0.36033332,0.017888889,0.039444443
672,0.1185,0.46366668,0.36044446,0.017888889,0.0395
673,0.1185,0.46355554,0.36044446,0.017833333,0.039666668
674,0.11844444,0.4635,0.36055556,0.017833333,0.039666668
675,0.11827778,0.46361113,0.3606111,0.017833333,0.039666668
676,0.11827778,0.46361113,0.3606111,0.017722223,0.039777778
677,0.11822222,0.46355554,0.3607222,0.017722223,0.039777778
678,0.11816667,0.46344444,0.36077777,0.017777778,0.039833333
679,0.11816667,0.46322224,0.36094445,0.017833333,0.039833333
680,0.11811111,0.46316665,0.36105555,0.017833333,0.039833333
